FoamFile
{
    version 2.0;
    format ascii;
    class vectorField;
    location "constant/polyMesh";
    object points;
}

20
(
    (0 -0.01 -0.01)
    (0 0.01 -0.01)
    (0 0.01 0.01)
    (0 -0.01 0.01)
    (0.25 -0.01 -0.01)
    (0.25 0.01 -0.01)
    (0.25 0.01 0.01)
    (0.25 -0.01 0.01)
    (0.5 -0.01 -0.01)
    (0.5 0.01 -0.01)
    (0.5 0.01 0.01)
    (0.5 -0.01 0.01)
    (0.75 -0.01 -0.01)
    (0.75 0.01 -0.01)
    (0.75 0.01 0.01)
    (0.75 -0.01 0.01)
    (1 -0.01 -0.01)
    (1 0.01 -0.01)
    (1 0.01 0.01)
    (1 -0.01 0.01)
)
