/*--------------------------------*- C++ -*----------------------------------*\
  =========                 |
  \\      /  F ield         | OpenFOAM: The Open Source CFD Toolbox
   \\    /   O peration     | Website:  https://openfoam.org
    \\  /    A nd           | Version:  13
     \\/     M anipulation  |
\*---------------------------------------------------------------------------*/
FoamFile
{
    format      ascii;
    class       vectorField;
    location    "constant/polyMesh";
    object      points;
}
// * * * * * * * * * * * * * * * * * * * * * * * * * * * * * * * * * * * * * //


4242
(
(0 -0.01 -0.0005)
(1 -0.01 -0.0005)
(1 0.01 -0.0005)
(0 0.01 -0.0005)
(0 -0.01 0.0005)
(1 -0.01 0.0005)
(1 0.01 0.0005)
(0 0.01 0.0005)
(0.01 -0.01 -0.0005)
(0.02 -0.01 -0.0005)
(0.03 -0.01 -0.0005)
(0.04 -0.01 -0.0005)
(0.05 -0.01 -0.0005)
(0.06 -0.01 -0.0005)
(0.07 -0.01 -0.0005)
(0.08 -0.01 -0.0005)
(0.09 -0.01 -0.0005)
(0.1 -0.01 -0.0005)
(0.11 -0.01 -0.0005)
(0.12 -0.01 -0.0005)
(0.13 -0.01 -0.0005)
(0.14 -0.01 -0.0005)
(0.15 -0.01 -0.0005)
(0.16 -0.01 -0.0005)
(0.17 -0.01 -0.0005)
(0.18 -0.01 -0.0005)
(0.19 -0.01 -0.0005)
(0.2 -0.01 -0.0005)
(0.21 -0.01 -0.0005)
(0.22 -0.01 -0.0005)
(0.23 -0.01 -0.0005)
(0.24 -0.01 -0.0005)
(0.25 -0.01 -0.0005)
(0.26 -0.01 -0.0005)
(0.27 -0.01 -0.0005)
(0.28 -0.01 -0.0005)
(0.29 -0.01 -0.0005)
(0.3 -0.01 -0.0005)
(0.31 -0.01 -0.0005)
(0.32 -0.01 -0.0005)
(0.33 -0.01 -0.0005)
(0.34 -0.01 -0.0005)
(0.35 -0.01 -0.0005)
(0.36 -0.01 -0.0005)
(0.37 -0.01 -0.0005)
(0.38 -0.01 -0.0005)
(0.39 -0.01 -0.0005)
(0.4 -0.01 -0.0005)
(0.41 -0.01 -0.0005)
(0.42 -0.01 -0.0005)
(0.43 -0.01 -0.0005)
(0.44 -0.01 -0.0005)
(0.45 -0.01 -0.0005)
(0.46 -0.01 -0.0005)
(0.47 -0.01 -0.0005)
(0.48 -0.01 -0.0005)
(0.49 -0.01 -0.0005)
(0.5 -0.01 -0.0005)
(0.51 -0.01 -0.0005)
(0.52 -0.01 -0.0005)
(0.53 -0.01 -0.0005)
(0.54 -0.01 -0.0005)
(0.55 -0.01 -0.0005)
(0.56 -0.01 -0.0005)
(0.57 -0.01 -0.0005)
(0.58 -0.01 -0.0005)
(0.59 -0.01 -0.0005)
(0.6 -0.01 -0.0005)
(0.61 -0.01 -0.0005)
(0.62 -0.01 -0.0005)
(0.63 -0.01 -0.0005)
(0.64 -0.01 -0.0005)
(0.65 -0.01 -0.0005)
(0.66 -0.01 -0.0005)
(0.67 -0.01 -0.0005)
(0.68 -0.01 -0.0005)
(0.69 -0.01 -0.0005)
(0.7 -0.01 -0.0005)
(0.71 -0.01 -0.0005)
(0.72 -0.01 -0.0005)
(0.73 -0.01 -0.0005)
(0.74 -0.01 -0.0005)
(0.75 -0.01 -0.0005)
(0.76 -0.01 -0.0005)
(0.77 -0.01 -0.0005)
(0.78 -0.01 -0.0005)
(0.79 -0.01 -0.0005)
(0.8 -0.01 -0.0005)
(0.81 -0.01 -0.0005)
(0.82 -0.01 -0.0005)
(0.83 -0.01 -0.0005)
(0.84 -0.01 -0.0005)
(0.85 -0.01 -0.0005)
(0.86 -0.01 -0.0005)
(0.87 -0.01 -0.0005)
(0.88 -0.01 -0.0005)
(0.89 -0.01 -0.0005)
(0.9 -0.01 -0.0005)
(0.91 -0.01 -0.0005)
(0.92 -0.01 -0.0005)
(0.93 -0.01 -0.0005)
(0.94 -0.01 -0.0005)
(0.95 -0.01 -0.0005)
(0.96 -0.01 -0.0005)
(0.97 -0.01 -0.0005)
(0.98 -0.01 -0.0005)
(0.99 -0.01 -0.0005)
(1 -0.009 -0.0005)
(1 -0.008 -0.0005)
(1 -0.007 -0.0005)
(1 -0.006 -0.0005)
(1 -0.005 -0.0005)
(1 -0.004 -0.0005)
(1 -0.003 -0.0005)
(1 -0.002 -0.0005)
(1 -0.001 -0.0005)
(1 -2.538941279e-14 -0.0005)
(1 0.001 -0.0005)
(1 0.002 -0.0005)
(1 0.003 -0.0005)
(1 0.004 -0.0005)
(1 0.005 -0.0005)
(1 0.006 -0.0005)
(1 0.007 -0.0005)
(1 0.008 -0.0005)
(1 0.009 -0.0005)
(0.99 0.01 -0.0005)
(0.98 0.01 -0.0005)
(0.97 0.01 -0.0005)
(0.96 0.01 -0.0005)
(0.95 0.01 -0.0005)
(0.94 0.01 -0.0005)
(0.93 0.01 -0.0005)
(0.92 0.01 -0.0005)
(0.91 0.01 -0.0005)
(0.9 0.01 -0.0005)
(0.89 0.01 -0.0005)
(0.88 0.01 -0.0005)
(0.87 0.01 -0.0005)
(0.86 0.01 -0.0005)
(0.85 0.01 -0.0005)
(0.84 0.01 -0.0005)
(0.83 0.01 -0.0005)
(0.82 0.01 -0.0005)
(0.81 0.01 -0.0005)
(0.8 0.01 -0.0005)
(0.79 0.01 -0.0005)
(0.78 0.01 -0.0005)
(0.77 0.01 -0.0005)
(0.76 0.01 -0.0005)
(0.75 0.01 -0.0005)
(0.74 0.01 -0.0005)
(0.73 0.01 -0.0005)
(0.72 0.01 -0.0005)
(0.71 0.01 -0.0005)
(0.7 0.01 -0.0005)
(0.69 0.01 -0.0005)
(0.68 0.01 -0.0005)
(0.67 0.01 -0.0005)
(0.66 0.01 -0.0005)
(0.65 0.01 -0.0005)
(0.64 0.01 -0.0005)
(0.63 0.01 -0.0005)
(0.62 0.01 -0.0005)
(0.61 0.01 -0.0005)
(0.6 0.01 -0.0005)
(0.59 0.01 -0.0005)
(0.58 0.01 -0.0005)
(0.57 0.01 -0.0005)
(0.56 0.01 -0.0005)
(0.55 0.01 -0.0005)
(0.54 0.01 -0.0005)
(0.53 0.01 -0.0005)
(0.52 0.01 -0.0005)
(0.51 0.01 -0.0005)
(0.5 0.01 -0.0005)
(0.49 0.01 -0.0005)
(0.48 0.01 -0.0005)
(0.47 0.01 -0.0005)
(0.46 0.01 -0.0005)
(0.45 0.01 -0.0005)
(0.44 0.01 -0.0005)
(0.43 0.01 -0.0005)
(0.42 0.01 -0.0005)
(0.41 0.01 -0.0005)
(0.4 0.01 -0.0005)
(0.39 0.01 -0.0005)
(0.38 0.01 -0.0005)
(0.37 0.01 -0.0005)
(0.36 0.01 -0.0005)
(0.35 0.01 -0.0005)
(0.34 0.01 -0.0005)
(0.33 0.01 -0.0005)
(0.32 0.01 -0.0005)
(0.31 0.01 -0.0005)
(0.3 0.01 -0.0005)
(0.29 0.01 -0.0005)
(0.28 0.01 -0.0005)
(0.27 0.01 -0.0005)
(0.26 0.01 -0.0005)
(0.25 0.01 -0.0005)
(0.24 0.01 -0.0005)
(0.23 0.01 -0.0005)
(0.22 0.01 -0.0005)
(0.21 0.01 -0.0005)
(0.2 0.01 -0.0005)
(0.19 0.01 -0.0005)
(0.18 0.01 -0.0005)
(0.17 0.01 -0.0005)
(0.16 0.01 -0.0005)
(0.15 0.01 -0.0005)
(0.14 0.01 -0.0005)
(0.13 0.01 -0.0005)
(0.12 0.01 -0.0005)
(0.11 0.01 -0.0005)
(0.1 0.01 -0.0005)
(0.09 0.01 -0.0005)
(0.08 0.01 -0.0005)
(0.07 0.01 -0.0005)
(0.06 0.01 -0.0005)
(0.05 0.01 -0.0005)
(0.04 0.01 -0.0005)
(0.03 0.01 -0.0005)
(0.02 0.01 -0.0005)
(0.01 0.01 -0.0005)
(0 0.009 -0.0005)
(0 0.008 -0.0005)
(0 0.007 -0.0005)
(0 0.006 -0.0005)
(0 0.005 -0.0005)
(0 0.004 -0.0005)
(0 0.003 -0.0005)
(0 0.002 -0.0005)
(0 0.001 -0.0005)
(0 2.538941279e-14 -0.0005)
(0 -0.001 -0.0005)
(0 -0.002 -0.0005)
(0 -0.003 -0.0005)
(0 -0.004 -0.0005)
(0 -0.005 -0.0005)
(0 -0.006 -0.0005)
(0 -0.007 -0.0005)
(0 -0.008 -0.0005)
(0 -0.009 -0.0005)
(0.01 -0.01 0.0005)
(0.02 -0.01 0.0005)
(0.03 -0.01 0.0005)
(0.04 -0.01 0.0005)
(0.05 -0.01 0.0005)
(0.06 -0.01 0.0005)
(0.07 -0.01 0.0005)
(0.08 -0.01 0.0005)
(0.09 -0.01 0.0005)
(0.1 -0.01 0.0005)
(0.11 -0.01 0.0005)
(0.12 -0.01 0.0005)
(0.13 -0.01 0.0005)
(0.14 -0.01 0.0005)
(0.15 -0.01 0.0005)
(0.16 -0.01 0.0005)
(0.17 -0.01 0.0005)
(0.18 -0.01 0.0005)
(0.19 -0.01 0.0005)
(0.2 -0.01 0.0005)
(0.21 -0.01 0.0005)
(0.22 -0.01 0.0005)
(0.23 -0.01 0.0005)
(0.24 -0.01 0.0005)
(0.25 -0.01 0.0005)
(0.26 -0.01 0.0005)
(0.27 -0.01 0.0005)
(0.28 -0.01 0.0005)
(0.29 -0.01 0.0005)
(0.3 -0.01 0.0005)
(0.31 -0.01 0.0005)
(0.32 -0.01 0.0005)
(0.33 -0.01 0.0005)
(0.34 -0.01 0.0005)
(0.35 -0.01 0.0005)
(0.36 -0.01 0.0005)
(0.37 -0.01 0.0005)
(0.38 -0.01 0.0005)
(0.39 -0.01 0.0005)
(0.4 -0.01 0.0005)
(0.41 -0.01 0.0005)
(0.42 -0.01 0.0005)
(0.43 -0.01 0.0005)
(0.44 -0.01 0.0005)
(0.45 -0.01 0.0005)
(0.46 -0.01 0.0005)
(0.47 -0.01 0.0005)
(0.48 -0.01 0.0005)
(0.49 -0.01 0.0005)
(0.5 -0.01 0.0005)
(0.51 -0.01 0.0005)
(0.52 -0.01 0.0005)
(0.53 -0.01 0.0005)
(0.54 -0.01 0.0005)
(0.55 -0.01 0.0005)
(0.56 -0.01 0.0005)
(0.57 -0.01 0.0005)
(0.58 -0.01 0.0005)
(0.59 -0.01 0.0005)
(0.6 -0.01 0.0005)
(0.61 -0.01 0.0005)
(0.62 -0.01 0.0005)
(0.63 -0.01 0.0005)
(0.64 -0.01 0.0005)
(0.65 -0.01 0.0005)
(0.66 -0.01 0.0005)
(0.67 -0.01 0.0005)
(0.68 -0.01 0.0005)
(0.69 -0.01 0.0005)
(0.7 -0.01 0.0005)
(0.71 -0.01 0.0005)
(0.72 -0.01 0.0005)
(0.73 -0.01 0.0005)
(0.74 -0.01 0.0005)
(0.75 -0.01 0.0005)
(0.76 -0.01 0.0005)
(0.77 -0.01 0.0005)
(0.78 -0.01 0.0005)
(0.79 -0.01 0.0005)
(0.8 -0.01 0.0005)
(0.81 -0.01 0.0005)
(0.82 -0.01 0.0005)
(0.83 -0.01 0.0005)
(0.84 -0.01 0.0005)
(0.85 -0.01 0.0005)
(0.86 -0.01 0.0005)
(0.87 -0.01 0.0005)
(0.88 -0.01 0.0005)
(0.89 -0.01 0.0005)
(0.9 -0.01 0.0005)
(0.91 -0.01 0.0005)
(0.92 -0.01 0.0005)
(0.93 -0.01 0.0005)
(0.94 -0.01 0.0005)
(0.95 -0.01 0.0005)
(0.96 -0.01 0.0005)
(0.97 -0.01 0.0005)
(0.98 -0.01 0.0005)
(0.99 -0.01 0.0005)
(1 -0.009 0.0005)
(1 -0.008 0.0005)
(1 -0.007 0.0005)
(1 -0.006 0.0005)
(1 -0.005 0.0005)
(1 -0.004 0.0005)
(1 -0.003 0.0005)
(1 -0.002 0.0005)
(1 -0.001 0.0005)
(1 -2.538941279e-14 0.0005)
(1 0.001 0.0005)
(1 0.002 0.0005)
(1 0.003 0.0005)
(1 0.004 0.0005)
(1 0.005 0.0005)
(1 0.006 0.0005)
(1 0.007 0.0005)
(1 0.008 0.0005)
(1 0.009 0.0005)
(0.99 0.01 0.0005)
(0.98 0.01 0.0005)
(0.97 0.01 0.0005)
(0.96 0.01 0.0005)
(0.95 0.01 0.0005)
(0.94 0.01 0.0005)
(0.93 0.01 0.0005)
(0.92 0.01 0.0005)
(0.91 0.01 0.0005)
(0.9 0.01 0.0005)
(0.89 0.01 0.0005)
(0.88 0.01 0.0005)
(0.87 0.01 0.0005)
(0.86 0.01 0.0005)
(0.85 0.01 0.0005)
(0.84 0.01 0.0005)
(0.83 0.01 0.0005)
(0.82 0.01 0.0005)
(0.81 0.01 0.0005)
(0.8 0.01 0.0005)
(0.79 0.01 0.0005)
(0.78 0.01 0.0005)
(0.77 0.01 0.0005)
(0.76 0.01 0.0005)
(0.75 0.01 0.0005)
(0.74 0.01 0.0005)
(0.73 0.01 0.0005)
(0.72 0.01 0.0005)
(0.71 0.01 0.0005)
(0.7 0.01 0.0005)
(0.69 0.01 0.0005)
(0.68 0.01 0.0005)
(0.67 0.01 0.0005)
(0.66 0.01 0.0005)
(0.65 0.01 0.0005)
(0.64 0.01 0.0005)
(0.63 0.01 0.0005)
(0.62 0.01 0.0005)
(0.61 0.01 0.0005)
(0.6 0.01 0.0005)
(0.59 0.01 0.0005)
(0.58 0.01 0.0005)
(0.57 0.01 0.0005)
(0.56 0.01 0.0005)
(0.55 0.01 0.0005)
(0.54 0.01 0.0005)
(0.53 0.01 0.0005)
(0.52 0.01 0.0005)
(0.51 0.01 0.0005)
(0.5 0.01 0.0005)
(0.49 0.01 0.0005)
(0.48 0.01 0.0005)
(0.47 0.01 0.0005)
(0.46 0.01 0.0005)
(0.45 0.01 0.0005)
(0.44 0.01 0.0005)
(0.43 0.01 0.0005)
(0.42 0.01 0.0005)
(0.41 0.01 0.0005)
(0.4 0.01 0.0005)
(0.39 0.01 0.0005)
(0.38 0.01 0.0005)
(0.37 0.01 0.0005)
(0.36 0.01 0.0005)
(0.35 0.01 0.0005)
(0.34 0.01 0.0005)
(0.33 0.01 0.0005)
(0.32 0.01 0.0005)
(0.31 0.01 0.0005)
(0.3 0.01 0.0005)
(0.29 0.01 0.0005)
(0.28 0.01 0.0005)
(0.27 0.01 0.0005)
(0.26 0.01 0.0005)
(0.25 0.01 0.0005)
(0.24 0.01 0.0005)
(0.23 0.01 0.0005)
(0.22 0.01 0.0005)
(0.21 0.01 0.0005)
(0.2 0.01 0.0005)
(0.19 0.01 0.0005)
(0.18 0.01 0.0005)
(0.17 0.01 0.0005)
(0.16 0.01 0.0005)
(0.15 0.01 0.0005)
(0.14 0.01 0.0005)
(0.13 0.01 0.0005)
(0.12 0.01 0.0005)
(0.11 0.01 0.0005)
(0.1 0.01 0.0005)
(0.09 0.01 0.0005)
(0.08 0.01 0.0005)
(0.07 0.01 0.0005)
(0.06 0.01 0.0005)
(0.05 0.01 0.0005)
(0.04 0.01 0.0005)
(0.03 0.01 0.0005)
(0.02 0.01 0.0005)
(0.01 0.01 0.0005)
(0 0.009 0.0005)
(0 0.008 0.0005)
(0 0.007 0.0005)
(0 0.006 0.0005)
(0 0.005 0.0005)
(0 0.004 0.0005)
(0 0.003 0.0005)
(0 0.002 0.0005)
(0 0.001 0.0005)
(0 2.538941279e-14 0.0005)
(0 -0.001 0.0005)
(0 -0.002 0.0005)
(0 -0.003 0.0005)
(0 -0.004 0.0005)
(0 -0.005 0.0005)
(0 -0.006 0.0005)
(0 -0.007 0.0005)
(0 -0.008 0.0005)
(0 -0.009 0.0005)
(0.01 -0.009 -0.0005)
(0.01 -0.008 -0.0005)
(0.01 -0.007 -0.0005)
(0.01 -0.006 -0.0005)
(0.01 -0.005 -0.0005)
(0.01 -0.004 -0.0005)
(0.01 -0.003 -0.0005)
(0.01 -0.002 -0.0005)
(0.01 -0.001 -0.0005)
(0.01 2.488113882e-14 -0.0005)
(0.01 0.001 -0.0005)
(0.01 0.002 -0.0005)
(0.01 0.003 -0.0005)
(0.01 0.004 -0.0005)
(0.01 0.005 -0.0005)
(0.01 0.006 -0.0005)
(0.01 0.007 -0.0005)
(0.01 0.008 -0.0005)
(0.01 0.009 -0.0005)
(0.02 -0.009 -0.0005)
(0.02 -0.008 -0.0005)
(0.02 -0.007 -0.0005)
(0.02 -0.006 -0.0005)
(0.02 -0.005 -0.0005)
(0.02 -0.004 -0.0005)
(0.02 -0.003 -0.0005)
(0.02 -0.002 -0.0005)
(0.02 -0.001 -0.0005)
(0.02 2.437459956e-14 -0.0005)
(0.02 0.001 -0.0005)
(0.02 0.002 -0.0005)
(0.02 0.003 -0.0005)
(0.02 0.004 -0.0005)
(0.02 0.005 -0.0005)
(0.02 0.006 -0.0005)
(0.02 0.007 -0.0005)
(0.02 0.008 -0.0005)
(0.02 0.009 -0.0005)
(0.03 -0.009 -0.0005)
(0.03 -0.008 -0.0005)
(0.03 -0.007 -0.0005)
(0.03 -0.006 -0.0005)
(0.03 -0.005 -0.0005)
(0.03 -0.004 -0.0005)
(0.03 -0.003 -0.0005)
(0.03 -0.002 -0.0005)
(0.03 -0.001 -0.0005)
(0.03 2.386545822e-14 -0.0005)
(0.03 0.001 -0.0005)
(0.03 0.002 -0.0005)
(0.03 0.003 -0.0005)
(0.03 0.004 -0.0005)
(0.03 0.005 -0.0005)
(0.03 0.006 -0.0005)
(0.03 0.007 -0.0005)
(0.03 0.008 -0.0005)
(0.03 0.009 -0.0005)
(0.04 -0.009 -0.0005)
(0.04 -0.008 -0.0005)
(0.04 -0.007 -0.0005)
(0.04 -0.006 -0.0005)
(0.04 -0.005 -0.0005)
(0.04 -0.004 -0.0005)
(0.04 -0.003 -0.0005)
(0.04 -0.002 -0.0005)
(0.04 -0.001 -0.0005)
(0.04 2.335718424e-14 -0.0005)
(0.04 0.001 -0.0005)
(0.04 0.002 -0.0005)
(0.04 0.003 -0.0005)
(0.04 0.004 -0.0005)
(0.04 0.005 -0.0005)
(0.04 0.006 -0.0005)
(0.04 0.007 -0.0005)
(0.04 0.008 -0.0005)
(0.04 0.009 -0.0005)
(0.05 -0.009 -0.0005)
(0.05 -0.008 -0.0005)
(0.05 -0.007 -0.0005)
(0.05 -0.006 -0.0005)
(0.05 -0.005 -0.0005)
(0.05 -0.004 -0.0005)
(0.05 -0.003 -0.0005)
(0.05 -0.002 -0.0005)
(0.05 -0.001 -0.0005)
(0.05 2.284977763e-14 -0.0005)
(0.05 0.001 -0.0005)
(0.05 0.002 -0.0005)
(0.05 0.003 -0.0005)
(0.05 0.004 -0.0005)
(0.05 0.005 -0.0005)
(0.05 0.006 -0.0005)
(0.05 0.007 -0.0005)
(0.05 0.008 -0.0005)
(0.05 0.009 -0.0005)
(0.06 -0.009 -0.0005)
(0.06 -0.008 -0.0005)
(0.06 -0.007 -0.0005)
(0.06 -0.006 -0.0005)
(0.06 -0.005 -0.0005)
(0.06 -0.004 -0.0005)
(0.06 -0.003 -0.0005)
(0.06 -0.002 -0.0005)
(0.06 -0.001 -0.0005)
(0.06 2.234150365e-14 -0.0005)
(0.06 0.001 -0.0005)
(0.06 0.002 -0.0005)
(0.06 0.003 -0.0005)
(0.06 0.004 -0.0005)
(0.06 0.005 -0.0005)
(0.06 0.006 -0.0005)
(0.06 0.007 -0.0005)
(0.06 0.008 -0.0005)
(0.06 0.009 -0.0005)
(0.07 -0.009 -0.0005)
(0.07 -0.008 -0.0005)
(0.07 -0.007 -0.0005)
(0.07 -0.006 -0.0005)
(0.07 -0.005 -0.0005)
(0.07 -0.004 -0.0005)
(0.07 -0.003 -0.0005)
(0.07 -0.002 -0.0005)
(0.07 -0.001 -0.0005)
(0.07 2.183409703e-14 -0.0005)
(0.07 0.001 -0.0005)
(0.07 0.002 -0.0005)
(0.07 0.003 -0.0005)
(0.07 0.004 -0.0005)
(0.07 0.005 -0.0005)
(0.07 0.006 -0.0005)
(0.07 0.007 -0.0005)
(0.07 0.008 -0.0005)
(0.07 0.009 -0.0005)
(0.08 -0.009 -0.0005)
(0.08 -0.008 -0.0005)
(0.08 -0.007 -0.0005)
(0.08 -0.006 -0.0005)
(0.08 -0.005 -0.0005)
(0.08 -0.004 -0.0005)
(0.08 -0.003 -0.0005)
(0.08 -0.002 -0.0005)
(0.08 -0.001 -0.0005)
(0.08 2.132669041e-14 -0.0005)
(0.08 0.001 -0.0005)
(0.08 0.002 -0.0005)
(0.08 0.003 -0.0005)
(0.08 0.004 -0.0005)
(0.08 0.005 -0.0005)
(0.08 0.006 -0.0005)
(0.08 0.007 -0.0005)
(0.08 0.008 -0.0005)
(0.08 0.009 -0.0005)
(0.09 -0.009 -0.0005)
(0.09 -0.008 -0.0005)
(0.09 -0.007 -0.0005)
(0.09 -0.006 -0.0005)
(0.09 -0.005 -0.0005)
(0.09 -0.004 -0.0005)
(0.09 -0.003 -0.0005)
(0.09 -0.002 -0.0005)
(0.09 -0.001 -0.0005)
(0.09 2.081841644e-14 -0.0005)
(0.09 0.001 -0.0005)
(0.09 0.002 -0.0005)
(0.09 0.003 -0.0005)
(0.09 0.004 -0.0005)
(0.09 0.005 -0.0005)
(0.09 0.006 -0.0005)
(0.09 0.007 -0.0005)
(0.09 0.008 -0.0005)
(0.09 0.009 -0.0005)
(0.1 -0.009 -0.0005)
(0.1 -0.008 -0.0005)
(0.1 -0.007 -0.0005)
(0.1 -0.006 -0.0005)
(0.1 -0.005 -0.0005)
(0.1 -0.004 -0.0005)
(0.1 -0.003 -0.0005)
(0.1 -0.002 -0.0005)
(0.1 -0.001 -0.0005)
(0.1 2.031100982e-14 -0.0005)
(0.1 0.001 -0.0005)
(0.1 0.002 -0.0005)
(0.1 0.003 -0.0005)
(0.1 0.004 -0.0005)
(0.1 0.005 -0.0005)
(0.1 0.006 -0.0005)
(0.1 0.007 -0.0005)
(0.1 0.008 -0.0005)
(0.1 0.009 -0.0005)
(0.11 -0.009 -0.0005)
(0.11 -0.008 -0.0005)
(0.11 -0.007 -0.0005)
(0.11 -0.006 -0.0005)
(0.11 -0.005 -0.0005)
(0.11 -0.004 -0.0005)
(0.11 -0.003 -0.0005)
(0.11 -0.002 -0.0005)
(0.11 -0.001 -0.0005)
(0.11 1.98036032e-14 -0.0005)
(0.11 0.001 -0.0005)
(0.11 0.002 -0.0005)
(0.11 0.003 -0.0005)
(0.11 0.004 -0.0005)
(0.11 0.005 -0.0005)
(0.11 0.006 -0.0005)
(0.11 0.007 -0.0005)
(0.11 0.008 -0.0005)
(0.11 0.009 -0.0005)
(0.12 -0.009 -0.0005)
(0.12 -0.008 -0.0005)
(0.12 -0.007 -0.0005)
(0.12 -0.006 -0.0005)
(0.12 -0.005 -0.0005)
(0.12 -0.004 -0.0005)
(0.12 -0.003 -0.0005)
(0.12 -0.002 -0.0005)
(0.12 -0.001 -0.0005)
(0.12 1.929619659e-14 -0.0005)
(0.12 0.001 -0.0005)
(0.12 0.002 -0.0005)
(0.12 0.003 -0.0005)
(0.12 0.004 -0.0005)
(0.12 0.005 -0.0005)
(0.12 0.006 -0.0005)
(0.12 0.007 -0.0005)
(0.12 0.008 -0.0005)
(0.12 0.009 -0.0005)
(0.13 -0.009 -0.0005)
(0.13 -0.008 -0.0005)
(0.13 -0.007 -0.0005)
(0.13 -0.006 -0.0005)
(0.13 -0.005 -0.0005)
(0.13 -0.004 -0.0005)
(0.13 -0.003 -0.0005)
(0.13 -0.002 -0.0005)
(0.13 -0.001 -0.0005)
(0.13 1.878705524e-14 -0.0005)
(0.13 0.001 -0.0005)
(0.13 0.002 -0.0005)
(0.13 0.003 -0.0005)
(0.13 0.004 -0.0005)
(0.13 0.005 -0.0005)
(0.13 0.006 -0.0005)
(0.13 0.007 -0.0005)
(0.13 0.008 -0.0005)
(0.13 0.009 -0.0005)
(0.14 -0.009 -0.0005)
(0.14 -0.008 -0.0005)
(0.14 -0.007 -0.0005)
(0.14 -0.006 -0.0005)
(0.14 -0.005 -0.0005)
(0.14 -0.004 -0.0005)
(0.14 -0.003 -0.0005)
(0.14 -0.002 -0.0005)
(0.14 -0.001 -0.0005)
(0.14 1.828051599e-14 -0.0005)
(0.14 0.001 -0.0005)
(0.14 0.002 -0.0005)
(0.14 0.003 -0.0005)
(0.14 0.004 -0.0005)
(0.14 0.005 -0.0005)
(0.14 0.006 -0.0005)
(0.14 0.007 -0.0005)
(0.14 0.008 -0.0005)
(0.14 0.009 -0.0005)
(0.15 -0.009 -0.0005)
(0.15 -0.008 -0.0005)
(0.15 -0.007 -0.0005)
(0.15 -0.006 -0.0005)
(0.15 -0.005 -0.0005)
(0.15 -0.004 -0.0005)
(0.15 -0.003 -0.0005)
(0.15 -0.002 -0.0005)
(0.15 -0.001 -0.0005)
(0.15 1.777224201e-14 -0.0005)
(0.15 0.001 -0.0005)
(0.15 0.002 -0.0005)
(0.15 0.003 -0.0005)
(0.15 0.004 -0.0005)
(0.15 0.005 -0.0005)
(0.15 0.006 -0.0005)
(0.15 0.007 -0.0005)
(0.15 0.008 -0.0005)
(0.15 0.009 -0.0005)
(0.16 -0.009 -0.0005)
(0.16 -0.008 -0.0005)
(0.16 -0.007 -0.0005)
(0.16 -0.006 -0.0005)
(0.16 -0.005 -0.0005)
(0.16 -0.004 -0.0005)
(0.16 -0.003 -0.0005)
(0.16 -0.002 -0.0005)
(0.16 -0.001 -0.0005)
(0.16 1.726483539e-14 -0.0005)
(0.16 0.001 -0.0005)
(0.16 0.002 -0.0005)
(0.16 0.003 -0.0005)
(0.16 0.004 -0.0005)
(0.16 0.005 -0.0005)
(0.16 0.006 -0.0005)
(0.16 0.007 -0.0005)
(0.16 0.008 -0.0005)
(0.16 0.009 -0.0005)
(0.17 -0.009 -0.0005)
(0.17 -0.008 -0.0005)
(0.17 -0.007 -0.0005)
(0.17 -0.006 -0.0005)
(0.17 -0.005 -0.0005)
(0.17 -0.004 -0.0005)
(0.17 -0.003 -0.0005)
(0.17 -0.002 -0.0005)
(0.17 -0.001 -0.0005)
(0.17 1.675742878e-14 -0.0005)
(0.17 0.001 -0.0005)
(0.17 0.002 -0.0005)
(0.17 0.003 -0.0005)
(0.17 0.004 -0.0005)
(0.17 0.005 -0.0005)
(0.17 0.006 -0.0005)
(0.17 0.007 -0.0005)
(0.17 0.008 -0.0005)
(0.17 0.009 -0.0005)
(0.18 -0.009 -0.0005)
(0.18 -0.008 -0.0005)
(0.18 -0.007 -0.0005)
(0.18 -0.006 -0.0005)
(0.18 -0.005 -0.0005)
(0.18 -0.004 -0.0005)
(0.18 -0.003 -0.0005)
(0.18 -0.002 -0.0005)
(0.18 -0.001 -0.0005)
(0.18 1.62491548e-14 -0.0005)
(0.18 0.001 -0.0005)
(0.18 0.002 -0.0005)
(0.18 0.003 -0.0005)
(0.18 0.004 -0.0005)
(0.18 0.005 -0.0005)
(0.18 0.006 -0.0005)
(0.18 0.007 -0.0005)
(0.18 0.008 -0.0005)
(0.18 0.009 -0.0005)
(0.19 -0.009 -0.0005)
(0.19 -0.008 -0.0005)
(0.19 -0.007 -0.0005)
(0.19 -0.006 -0.0005)
(0.19 -0.005 -0.0005)
(0.19 -0.004 -0.0005)
(0.19 -0.003 -0.0005)
(0.19 -0.002 -0.0005)
(0.19 -0.001 -0.0005)
(0.19 1.574088082e-14 -0.0005)
(0.19 0.001 -0.0005)
(0.19 0.002 -0.0005)
(0.19 0.003 -0.0005)
(0.19 0.004 -0.0005)
(0.19 0.005 -0.0005)
(0.19 0.006 -0.0005)
(0.19 0.007 -0.0005)
(0.19 0.008 -0.0005)
(0.19 0.009 -0.0005)
(0.2 -0.009 -0.0005)
(0.2 -0.008 -0.0005)
(0.2 -0.007 -0.0005)
(0.2 -0.006 -0.0005)
(0.2 -0.005 -0.0005)
(0.2 -0.004 -0.0005)
(0.2 -0.003 -0.0005)
(0.2 -0.002 -0.0005)
(0.2 -0.001 -0.0005)
(0.2 1.52334742e-14 -0.0005)
(0.2 0.001 -0.0005)
(0.2 0.002 -0.0005)
(0.2 0.003 -0.0005)
(0.2 0.004 -0.0005)
(0.2 0.005 -0.0005)
(0.2 0.006 -0.0005)
(0.2 0.007 -0.0005)
(0.2 0.008 -0.0005)
(0.2 0.009 -0.0005)
(0.21 -0.009 -0.0005)
(0.21 -0.008 -0.0005)
(0.21 -0.007 -0.0005)
(0.21 -0.006 -0.0005)
(0.21 -0.005 -0.0005)
(0.21 -0.004 -0.0005)
(0.21 -0.003 -0.0005)
(0.21 -0.002 -0.0005)
(0.21 -0.001 -0.0005)
(0.21 1.472606759e-14 -0.0005)
(0.21 0.001 -0.0005)
(0.21 0.002 -0.0005)
(0.21 0.003 -0.0005)
(0.21 0.004 -0.0005)
(0.21 0.005 -0.0005)
(0.21 0.006 -0.0005)
(0.21 0.007 -0.0005)
(0.21 0.008 -0.0005)
(0.21 0.009 -0.0005)
(0.22 -0.009 -0.0005)
(0.22 -0.008 -0.0005)
(0.22 -0.007 -0.0005)
(0.22 -0.006 -0.0005)
(0.22 -0.005 -0.0005)
(0.22 -0.004 -0.0005)
(0.22 -0.003 -0.0005)
(0.22 -0.002 -0.0005)
(0.22 -0.001 -0.0005)
(0.22 1.421735993e-14 -0.0005)
(0.22 0.001 -0.0005)
(0.22 0.002 -0.0005)
(0.22 0.003 -0.0005)
(0.22 0.004 -0.0005)
(0.22 0.005 -0.0005)
(0.22 0.006 -0.0005)
(0.22 0.007 -0.0005)
(0.22 0.008 -0.0005)
(0.22 0.009 -0.0005)
(0.23 -0.009 -0.0005)
(0.23 -0.008 -0.0005)
(0.23 -0.007 -0.0005)
(0.23 -0.006 -0.0005)
(0.23 -0.005 -0.0005)
(0.23 -0.004 -0.0005)
(0.23 -0.003 -0.0005)
(0.23 -0.002 -0.0005)
(0.23 -0.001 -0.0005)
(0.23 1.370995331e-14 -0.0005)
(0.23 0.001 -0.0005)
(0.23 0.002 -0.0005)
(0.23 0.003 -0.0005)
(0.23 0.004 -0.0005)
(0.23 0.005 -0.0005)
(0.23 0.006 -0.0005)
(0.23 0.007 -0.0005)
(0.23 0.008 -0.0005)
(0.23 0.009 -0.0005)
(0.24 -0.009 -0.0005)
(0.24 -0.008 -0.0005)
(0.24 -0.007 -0.0005)
(0.24 -0.006 -0.0005)
(0.24 -0.005 -0.0005)
(0.24 -0.004 -0.0005)
(0.24 -0.003 -0.0005)
(0.24 -0.002 -0.0005)
(0.24 -0.001 -0.0005)
(0.24 1.320124565e-14 -0.0005)
(0.24 0.001 -0.0005)
(0.24 0.002 -0.0005)
(0.24 0.003 -0.0005)
(0.24 0.004 -0.0005)
(0.24 0.005 -0.0005)
(0.24 0.006 -0.0005)
(0.24 0.007 -0.0005)
(0.24 0.008 -0.0005)
(0.24 0.009 -0.0005)
(0.25 -0.009 -0.0005)
(0.25 -0.008 -0.0005)
(0.25 -0.007 -0.0005)
(0.25 -0.006 -0.0005)
(0.25 -0.005 -0.0005)
(0.25 -0.004 -0.0005)
(0.25 -0.003 -0.0005)
(0.25 -0.002 -0.0005)
(0.25 -0.001 -0.0005)
(0.25 1.269383904e-14 -0.0005)
(0.25 0.001 -0.0005)
(0.25 0.002 -0.0005)
(0.25 0.003 -0.0005)
(0.25 0.004 -0.0005)
(0.25 0.005 -0.0005)
(0.25 0.006 -0.0005)
(0.25 0.007 -0.0005)
(0.25 0.008 -0.0005)
(0.25 0.009 -0.0005)
(0.26 -0.009 -0.0005)
(0.26 -0.008 -0.0005)
(0.26 -0.007 -0.0005)
(0.26 -0.006 -0.0005)
(0.26 -0.005 -0.0005)
(0.26 -0.004 -0.0005)
(0.26 -0.003 -0.0005)
(0.26 -0.002 -0.0005)
(0.26 -0.001 -0.0005)
(0.26 1.218643242e-14 -0.0005)
(0.26 0.001 -0.0005)
(0.26 0.002 -0.0005)
(0.26 0.003 -0.0005)
(0.26 0.004 -0.0005)
(0.26 0.005 -0.0005)
(0.26 0.006 -0.0005)
(0.26 0.007 -0.0005)
(0.26 0.008 -0.0005)
(0.26 0.009 -0.0005)
(0.27 -0.009 -0.0005)
(0.27 -0.008 -0.0005)
(0.27 -0.007 -0.0005)
(0.27 -0.006 -0.0005)
(0.27 -0.005 -0.0005)
(0.27 -0.004 -0.0005)
(0.27 -0.003 -0.0005)
(0.27 -0.002 -0.0005)
(0.27 -0.001 -0.0005)
(0.27 1.167859212e-14 -0.0005)
(0.27 0.001 -0.0005)
(0.27 0.002 -0.0005)
(0.27 0.003 -0.0005)
(0.27 0.004 -0.0005)
(0.27 0.005 -0.0005)
(0.27 0.006 -0.0005)
(0.27 0.007 -0.0005)
(0.27 0.008 -0.0005)
(0.27 0.009 -0.0005)
(0.28 -0.009 -0.0005)
(0.28 -0.008 -0.0005)
(0.28 -0.007 -0.0005)
(0.28 -0.006 -0.0005)
(0.28 -0.005 -0.0005)
(0.28 -0.004 -0.0005)
(0.28 -0.003 -0.0005)
(0.28 -0.002 -0.0005)
(0.28 -0.001 -0.0005)
(0.28 1.117161919e-14 -0.0005)
(0.28 0.001 -0.0005)
(0.28 0.002 -0.0005)
(0.28 0.003 -0.0005)
(0.28 0.004 -0.0005)
(0.28 0.005 -0.0005)
(0.28 0.006 -0.0005)
(0.28 0.007 -0.0005)
(0.28 0.008 -0.0005)
(0.28 0.009 -0.0005)
(0.29 -0.009 -0.0005)
(0.29 -0.008 -0.0005)
(0.29 -0.007 -0.0005)
(0.29 -0.006 -0.0005)
(0.29 -0.005 -0.0005)
(0.29 -0.004 -0.0005)
(0.29 -0.003 -0.0005)
(0.29 -0.002 -0.0005)
(0.29 -0.001 -0.0005)
(0.29 1.066334521e-14 -0.0005)
(0.29 0.001 -0.0005)
(0.29 0.002 -0.0005)
(0.29 0.003 -0.0005)
(0.29 0.004 -0.0005)
(0.29 0.005 -0.0005)
(0.29 0.006 -0.0005)
(0.29 0.007 -0.0005)
(0.29 0.008 -0.0005)
(0.29 0.009 -0.0005)
(0.3 -0.009 -0.0005)
(0.3 -0.008 -0.0005)
(0.3 -0.007 -0.0005)
(0.3 -0.006 -0.0005)
(0.3 -0.005 -0.0005)
(0.3 -0.004 -0.0005)
(0.3 -0.003 -0.0005)
(0.3 -0.002 -0.0005)
(0.3 -0.001 -0.0005)
(0.3 1.015593859e-14 -0.0005)
(0.3 0.001 -0.0005)
(0.3 0.002 -0.0005)
(0.3 0.003 -0.0005)
(0.3 0.004 -0.0005)
(0.3 0.005 -0.0005)
(0.3 0.006 -0.0005)
(0.3 0.007 -0.0005)
(0.3 0.008 -0.0005)
(0.3 0.009 -0.0005)
(0.31 -0.009 -0.0005)
(0.31 -0.008 -0.0005)
(0.31 -0.007 -0.0005)
(0.31 -0.006 -0.0005)
(0.31 -0.005 -0.0005)
(0.31 -0.004 -0.0005)
(0.31 -0.003 -0.0005)
(0.31 -0.002 -0.0005)
(0.31 -0.001 -0.0005)
(0.31 9.647230931e-15 -0.0005)
(0.31 0.001 -0.0005)
(0.31 0.002 -0.0005)
(0.31 0.003 -0.0005)
(0.31 0.004 -0.0005)
(0.31 0.005 -0.0005)
(0.31 0.006 -0.0005)
(0.31 0.007 -0.0005)
(0.31 0.008 -0.0005)
(0.31 0.009 -0.0005)
(0.32 -0.009 -0.0005)
(0.32 -0.008 -0.0005)
(0.32 -0.007 -0.0005)
(0.32 -0.006 -0.0005)
(0.32 -0.005 -0.0005)
(0.32 -0.004 -0.0005)
(0.32 -0.003 -0.0005)
(0.32 -0.002 -0.0005)
(0.32 -0.001 -0.0005)
(0.32 9.139390633e-15 -0.0005)
(0.32 0.001 -0.0005)
(0.32 0.002 -0.0005)
(0.32 0.003 -0.0005)
(0.32 0.004 -0.0005)
(0.32 0.005 -0.0005)
(0.32 0.006 -0.0005)
(0.32 0.007 -0.0005)
(0.32 0.008 -0.0005)
(0.32 0.009 -0.0005)
(0.33 -0.009 -0.0005)
(0.33 -0.008 -0.0005)
(0.33 -0.007 -0.0005)
(0.33 -0.006 -0.0005)
(0.33 -0.005 -0.0005)
(0.33 -0.004 -0.0005)
(0.33 -0.003 -0.0005)
(0.33 -0.002 -0.0005)
(0.33 -0.001 -0.0005)
(0.33 8.631550336e-15 -0.0005)
(0.33 0.001 -0.0005)
(0.33 0.002 -0.0005)
(0.33 0.003 -0.0005)
(0.33 0.004 -0.0005)
(0.33 0.005 -0.0005)
(0.33 0.006 -0.0005)
(0.33 0.007 -0.0005)
(0.33 0.008 -0.0005)
(0.33 0.009 -0.0005)
(0.34 -0.009 -0.0005)
(0.34 -0.008 -0.0005)
(0.34 -0.007 -0.0005)
(0.34 -0.006 -0.0005)
(0.34 -0.005 -0.0005)
(0.34 -0.004 -0.0005)
(0.34 -0.003 -0.0005)
(0.34 -0.002 -0.0005)
(0.34 -0.001 -0.0005)
(0.34 8.124143719e-15 -0.0005)
(0.34 0.001 -0.0005)
(0.34 0.002 -0.0005)
(0.34 0.003 -0.0005)
(0.34 0.004 -0.0005)
(0.34 0.005 -0.0005)
(0.34 0.006 -0.0005)
(0.34 0.007 -0.0005)
(0.34 0.008 -0.0005)
(0.34 0.009 -0.0005)
(0.35 -0.009 -0.0005)
(0.35 -0.008 -0.0005)
(0.35 -0.007 -0.0005)
(0.35 -0.006 -0.0005)
(0.35 -0.005 -0.0005)
(0.35 -0.004 -0.0005)
(0.35 -0.003 -0.0005)
(0.35 -0.002 -0.0005)
(0.35 -0.001 -0.0005)
(0.35 7.616737102e-15 -0.0005)
(0.35 0.001 -0.0005)
(0.35 0.002 -0.0005)
(0.35 0.003 -0.0005)
(0.35 0.004 -0.0005)
(0.35 0.005 -0.0005)
(0.35 0.006 -0.0005)
(0.35 0.007 -0.0005)
(0.35 0.008 -0.0005)
(0.35 0.009 -0.0005)
(0.36 -0.009 -0.0005)
(0.36 -0.008 -0.0005)
(0.36 -0.007 -0.0005)
(0.36 -0.006 -0.0005)
(0.36 -0.005 -0.0005)
(0.36 -0.004 -0.0005)
(0.36 -0.003 -0.0005)
(0.36 -0.002 -0.0005)
(0.36 -0.001 -0.0005)
(0.36 7.108029443e-15 -0.0005)
(0.36 0.001 -0.0005)
(0.36 0.002 -0.0005)
(0.36 0.003 -0.0005)
(0.36 0.004 -0.0005)
(0.36 0.005 -0.0005)
(0.36 0.006 -0.0005)
(0.36 0.007 -0.0005)
(0.36 0.008 -0.0005)
(0.36 0.009 -0.0005)
(0.37 -0.009 -0.0005)
(0.37 -0.008 -0.0005)
(0.37 -0.007 -0.0005)
(0.37 -0.006 -0.0005)
(0.37 -0.005 -0.0005)
(0.37 -0.004 -0.0005)
(0.37 -0.003 -0.0005)
(0.37 -0.002 -0.0005)
(0.37 -0.001 -0.0005)
(0.37 6.600622826e-15 -0.0005)
(0.37 0.001 -0.0005)
(0.37 0.002 -0.0005)
(0.37 0.003 -0.0005)
(0.37 0.004 -0.0005)
(0.37 0.005 -0.0005)
(0.37 0.006 -0.0005)
(0.37 0.007 -0.0005)
(0.37 0.008 -0.0005)
(0.37 0.009 -0.0005)
(0.38 -0.009 -0.0005)
(0.38 -0.008 -0.0005)
(0.38 -0.007 -0.0005)
(0.38 -0.006 -0.0005)
(0.38 -0.005 -0.0005)
(0.38 -0.004 -0.0005)
(0.38 -0.003 -0.0005)
(0.38 -0.002 -0.0005)
(0.38 -0.001 -0.0005)
(0.38 6.092348848e-15 -0.0005)
(0.38 0.001 -0.0005)
(0.38 0.002 -0.0005)
(0.38 0.003 -0.0005)
(0.38 0.004 -0.0005)
(0.38 0.005 -0.0005)
(0.38 0.006 -0.0005)
(0.38 0.007 -0.0005)
(0.38 0.008 -0.0005)
(0.38 0.009 -0.0005)
(0.39 -0.009 -0.0005)
(0.39 -0.008 -0.0005)
(0.39 -0.007 -0.0005)
(0.39 -0.006 -0.0005)
(0.39 -0.005 -0.0005)
(0.39 -0.004 -0.0005)
(0.39 -0.003 -0.0005)
(0.39 -0.002 -0.0005)
(0.39 -0.001 -0.0005)
(0.39 5.585809593e-15 -0.0005)
(0.39 0.001 -0.0005)
(0.39 0.002 -0.0005)
(0.39 0.003 -0.0005)
(0.39 0.004 -0.0005)
(0.39 0.005 -0.0005)
(0.39 0.006 -0.0005)
(0.39 0.007 -0.0005)
(0.39 0.008 -0.0005)
(0.39 0.009 -0.0005)
(0.4 -0.009 -0.0005)
(0.4 -0.008 -0.0005)
(0.4 -0.007 -0.0005)
(0.4 -0.006 -0.0005)
(0.4 -0.005 -0.0005)
(0.4 -0.004 -0.0005)
(0.4 -0.003 -0.0005)
(0.4 -0.002 -0.0005)
(0.4 -0.001 -0.0005)
(0.4 5.076668252e-15 -0.0005)
(0.4 0.001 -0.0005)
(0.4 0.002 -0.0005)
(0.4 0.003 -0.0005)
(0.4 0.004 -0.0005)
(0.4 0.005 -0.0005)
(0.4 0.006 -0.0005)
(0.4 0.007 -0.0005)
(0.4 0.008 -0.0005)
(0.4 0.009 -0.0005)
(0.41 -0.009 -0.0005)
(0.41 -0.008 -0.0005)
(0.41 -0.007 -0.0005)
(0.41 -0.006 -0.0005)
(0.41 -0.005 -0.0005)
(0.41 -0.004 -0.0005)
(0.41 -0.003 -0.0005)
(0.41 -0.002 -0.0005)
(0.41 -0.001 -0.0005)
(0.41 4.569695317e-15 -0.0005)
(0.41 0.001 -0.0005)
(0.41 0.002 -0.0005)
(0.41 0.003 -0.0005)
(0.41 0.004 -0.0005)
(0.41 0.005 -0.0005)
(0.41 0.006 -0.0005)
(0.41 0.007 -0.0005)
(0.41 0.008 -0.0005)
(0.41 0.009 -0.0005)
(0.42 -0.009 -0.0005)
(0.42 -0.008 -0.0005)
(0.42 -0.007 -0.0005)
(0.42 -0.006 -0.0005)
(0.42 -0.005 -0.0005)
(0.42 -0.004 -0.0005)
(0.42 -0.003 -0.0005)
(0.42 -0.002 -0.0005)
(0.42 -0.001 -0.0005)
(0.42 4.0622887e-15 -0.0005)
(0.42 0.001 -0.0005)
(0.42 0.002 -0.0005)
(0.42 0.003 -0.0005)
(0.42 0.004 -0.0005)
(0.42 0.005 -0.0005)
(0.42 0.006 -0.0005)
(0.42 0.007 -0.0005)
(0.42 0.008 -0.0005)
(0.42 0.009 -0.0005)
(0.43 -0.009 -0.0005)
(0.43 -0.008 -0.0005)
(0.43 -0.007 -0.0005)
(0.43 -0.006 -0.0005)
(0.43 -0.005 -0.0005)
(0.43 -0.004 -0.0005)
(0.43 -0.003 -0.0005)
(0.43 -0.002 -0.0005)
(0.43 -0.001 -0.0005)
(0.43 3.554014721e-15 -0.0005)
(0.43 0.001 -0.0005)
(0.43 0.002 -0.0005)
(0.43 0.003 -0.0005)
(0.43 0.004 -0.0005)
(0.43 0.005 -0.0005)
(0.43 0.006 -0.0005)
(0.43 0.007 -0.0005)
(0.43 0.008 -0.0005)
(0.43 0.009 -0.0005)
(0.44 -0.009 -0.0005)
(0.44 -0.008 -0.0005)
(0.44 -0.007 -0.0005)
(0.44 -0.006 -0.0005)
(0.44 -0.005 -0.0005)
(0.44 -0.004 -0.0005)
(0.44 -0.003 -0.0005)
(0.44 -0.002 -0.0005)
(0.44 -0.001 -0.0005)
(0.44 3.046608105e-15 -0.0005)
(0.44 0.001 -0.0005)
(0.44 0.002 -0.0005)
(0.44 0.003 -0.0005)
(0.44 0.004 -0.0005)
(0.44 0.005 -0.0005)
(0.44 0.006 -0.0005)
(0.44 0.007 -0.0005)
(0.44 0.008 -0.0005)
(0.44 0.009 -0.0005)
(0.45 -0.009 -0.0005)
(0.45 -0.008 -0.0005)
(0.45 -0.007 -0.0005)
(0.45 -0.006 -0.0005)
(0.45 -0.005 -0.0005)
(0.45 -0.004 -0.0005)
(0.45 -0.003 -0.0005)
(0.45 -0.002 -0.0005)
(0.45 -0.001 -0.0005)
(0.45 2.537900445e-15 -0.0005)
(0.45 0.001 -0.0005)
(0.45 0.002 -0.0005)
(0.45 0.003 -0.0005)
(0.45 0.004 -0.0005)
(0.45 0.005 -0.0005)
(0.45 0.006 -0.0005)
(0.45 0.007 -0.0005)
(0.45 0.008 -0.0005)
(0.45 0.009 -0.0005)
(0.46 -0.009 -0.0005)
(0.46 -0.008 -0.0005)
(0.46 -0.007 -0.0005)
(0.46 -0.006 -0.0005)
(0.46 -0.005 -0.0005)
(0.46 -0.004 -0.0005)
(0.46 -0.003 -0.0005)
(0.46 -0.002 -0.0005)
(0.46 -0.001 -0.0005)
(0.46 2.030493829e-15 -0.0005)
(0.46 0.001 -0.0005)
(0.46 0.002 -0.0005)
(0.46 0.003 -0.0005)
(0.46 0.004 -0.0005)
(0.46 0.005 -0.0005)
(0.46 0.006 -0.0005)
(0.46 0.007 -0.0005)
(0.46 0.008 -0.0005)
(0.46 0.009 -0.0005)
(0.47 -0.009 -0.0005)
(0.47 -0.008 -0.0005)
(0.47 -0.007 -0.0005)
(0.47 -0.006 -0.0005)
(0.47 -0.005 -0.0005)
(0.47 -0.004 -0.0005)
(0.47 -0.003 -0.0005)
(0.47 -0.002 -0.0005)
(0.47 -0.001 -0.0005)
(0.47 1.522653531e-15 -0.0005)
(0.47 0.001 -0.0005)
(0.47 0.002 -0.0005)
(0.47 0.003 -0.0005)
(0.47 0.004 -0.0005)
(0.47 0.005 -0.0005)
(0.47 0.006 -0.0005)
(0.47 0.007 -0.0005)
(0.47 0.008 -0.0005)
(0.47 0.009 -0.0005)
(0.48 -0.009 -0.0005)
(0.48 -0.008 -0.0005)
(0.48 -0.007 -0.0005)
(0.48 -0.006 -0.0005)
(0.48 -0.005 -0.0005)
(0.48 -0.004 -0.0005)
(0.48 -0.003 -0.0005)
(0.48 -0.002 -0.0005)
(0.48 -0.001 -0.0005)
(0.48 1.015246914e-15 -0.0005)
(0.48 0.001 -0.0005)
(0.48 0.002 -0.0005)
(0.48 0.003 -0.0005)
(0.48 0.004 -0.0005)
(0.48 0.005 -0.0005)
(0.48 0.006 -0.0005)
(0.48 0.007 -0.0005)
(0.48 0.008 -0.0005)
(0.48 0.009 -0.0005)
(0.49 -0.009 -0.0005)
(0.49 -0.008 -0.0005)
(0.49 -0.007 -0.0005)
(0.49 -0.006 -0.0005)
(0.49 -0.005 -0.0005)
(0.49 -0.004 -0.0005)
(0.49 -0.003 -0.0005)
(0.49 -0.002 -0.0005)
(0.49 -0.001 -0.0005)
(0.49 5.069729359e-16 -0.0005)
(0.49 0.001 -0.0005)
(0.49 0.002 -0.0005)
(0.49 0.003 -0.0005)
(0.49 0.004 -0.0005)
(0.49 0.005 -0.0005)
(0.49 0.006 -0.0005)
(0.49 0.007 -0.0005)
(0.49 0.008 -0.0005)
(0.49 0.009 -0.0005)
(0.5 -0.009 -0.0005)
(0.5 -0.008 -0.0005)
(0.5 -0.007 -0.0005)
(0.5 -0.006 -0.0005)
(0.5 -0.005 -0.0005)
(0.5 -0.004 -0.0005)
(0.5 -0.003 -0.0005)
(0.5 -0.002 -0.0005)
(0.5 -0.001 -0.0005)
(0.5 -4.33680869e-19 -0.0005)
(0.5 0.001 -0.0005)
(0.5 0.002 -0.0005)
(0.5 0.003 -0.0005)
(0.5 0.004 -0.0005)
(0.5 0.005 -0.0005)
(0.5 0.006 -0.0005)
(0.5 0.007 -0.0005)
(0.5 0.008 -0.0005)
(0.5 0.009 -0.0005)
(0.51 -0.009 -0.0005)
(0.51 -0.008 -0.0005)
(0.51 -0.007 -0.0005)
(0.51 -0.006 -0.0005)
(0.51 -0.005 -0.0005)
(0.51 -0.004 -0.0005)
(0.51 -0.003 -0.0005)
(0.51 -0.002 -0.0005)
(0.51 -0.001 -0.0005)
(0.51 -5.074066167e-16 -0.0005)
(0.51 0.001 -0.0005)
(0.51 0.002 -0.0005)
(0.51 0.003 -0.0005)
(0.51 0.004 -0.0005)
(0.51 0.005 -0.0005)
(0.51 0.006 -0.0005)
(0.51 0.007 -0.0005)
(0.51 0.008 -0.0005)
(0.51 0.009 -0.0005)
(0.52 -0.009 -0.0005)
(0.52 -0.008 -0.0005)
(0.52 -0.007 -0.0005)
(0.52 -0.006 -0.0005)
(0.52 -0.005 -0.0005)
(0.52 -0.004 -0.0005)
(0.52 -0.003 -0.0005)
(0.52 -0.002 -0.0005)
(0.52 -0.001 -0.0005)
(0.52 -1.016547957e-15 -0.0005)
(0.52 0.001 -0.0005)
(0.52 0.002 -0.0005)
(0.52 0.003 -0.0005)
(0.52 0.004 -0.0005)
(0.52 0.005 -0.0005)
(0.52 0.006 -0.0005)
(0.52 0.007 -0.0005)
(0.52 0.008 -0.0005)
(0.52 0.009 -0.0005)
(0.53 -0.009 -0.0005)
(0.53 -0.008 -0.0005)
(0.53 -0.007 -0.0005)
(0.53 -0.006 -0.0005)
(0.53 -0.005 -0.0005)
(0.53 -0.004 -0.0005)
(0.53 -0.003 -0.0005)
(0.53 -0.002 -0.0005)
(0.53 -0.001 -0.0005)
(0.53 -1.522653531e-15 -0.0005)
(0.53 0.001 -0.0005)
(0.53 0.002 -0.0005)
(0.53 0.003 -0.0005)
(0.53 0.004 -0.0005)
(0.53 0.005 -0.0005)
(0.53 0.006 -0.0005)
(0.53 0.007 -0.0005)
(0.53 0.008 -0.0005)
(0.53 0.009 -0.0005)
(0.54 -0.009 -0.0005)
(0.54 -0.008 -0.0005)
(0.54 -0.007 -0.0005)
(0.54 -0.006 -0.0005)
(0.54 -0.005 -0.0005)
(0.54 -0.004 -0.0005)
(0.54 -0.003 -0.0005)
(0.54 -0.002 -0.0005)
(0.54 -0.001 -0.0005)
(0.54 -2.03136119e-15 -0.0005)
(0.54 0.001 -0.0005)
(0.54 0.002 -0.0005)
(0.54 0.003 -0.0005)
(0.54 0.004 -0.0005)
(0.54 0.005 -0.0005)
(0.54 0.006 -0.0005)
(0.54 0.007 -0.0005)
(0.54 0.008 -0.0005)
(0.54 0.009 -0.0005)
(0.55 -0.009 -0.0005)
(0.55 -0.008 -0.0005)
(0.55 -0.007 -0.0005)
(0.55 -0.006 -0.0005)
(0.55 -0.005 -0.0005)
(0.55 -0.004 -0.0005)
(0.55 -0.003 -0.0005)
(0.55 -0.002 -0.0005)
(0.55 -0.001 -0.0005)
(0.55 -2.539201488e-15 -0.0005)
(0.55 0.001 -0.0005)
(0.55 0.002 -0.0005)
(0.55 0.003 -0.0005)
(0.55 0.004 -0.0005)
(0.55 0.005 -0.0005)
(0.55 0.006 -0.0005)
(0.55 0.007 -0.0005)
(0.55 0.008 -0.0005)
(0.55 0.009 -0.0005)
(0.56 -0.009 -0.0005)
(0.56 -0.008 -0.0005)
(0.56 -0.007 -0.0005)
(0.56 -0.006 -0.0005)
(0.56 -0.005 -0.0005)
(0.56 -0.004 -0.0005)
(0.56 -0.003 -0.0005)
(0.56 -0.002 -0.0005)
(0.56 -0.001 -0.0005)
(0.56 -3.047475466e-15 -0.0005)
(0.56 0.001 -0.0005)
(0.56 0.002 -0.0005)
(0.56 0.003 -0.0005)
(0.56 0.004 -0.0005)
(0.56 0.005 -0.0005)
(0.56 0.006 -0.0005)
(0.56 0.007 -0.0005)
(0.56 0.008 -0.0005)
(0.56 0.009 -0.0005)
(0.57 -0.009 -0.0005)
(0.57 -0.008 -0.0005)
(0.57 -0.007 -0.0005)
(0.57 -0.006 -0.0005)
(0.57 -0.005 -0.0005)
(0.57 -0.004 -0.0005)
(0.57 -0.003 -0.0005)
(0.57 -0.002 -0.0005)
(0.57 -0.001 -0.0005)
(0.57 -3.555315764e-15 -0.0005)
(0.57 0.001 -0.0005)
(0.57 0.002 -0.0005)
(0.57 0.003 -0.0005)
(0.57 0.004 -0.0005)
(0.57 0.005 -0.0005)
(0.57 0.006 -0.0005)
(0.57 0.007 -0.0005)
(0.57 0.008 -0.0005)
(0.57 0.009 -0.0005)
(0.58 -0.009 -0.0005)
(0.58 -0.008 -0.0005)
(0.58 -0.007 -0.0005)
(0.58 -0.006 -0.0005)
(0.58 -0.005 -0.0005)
(0.58 -0.004 -0.0005)
(0.58 -0.003 -0.0005)
(0.58 -0.002 -0.0005)
(0.58 -0.001 -0.0005)
(0.58 -4.063589742e-15 -0.0005)
(0.58 0.001 -0.0005)
(0.58 0.002 -0.0005)
(0.58 0.003 -0.0005)
(0.58 0.004 -0.0005)
(0.58 0.005 -0.0005)
(0.58 0.006 -0.0005)
(0.58 0.007 -0.0005)
(0.58 0.008 -0.0005)
(0.58 0.009 -0.0005)
(0.59 -0.009 -0.0005)
(0.59 -0.008 -0.0005)
(0.59 -0.007 -0.0005)
(0.59 -0.006 -0.0005)
(0.59 -0.005 -0.0005)
(0.59 -0.004 -0.0005)
(0.59 -0.003 -0.0005)
(0.59 -0.002 -0.0005)
(0.59 -0.001 -0.0005)
(0.59 -4.569695317e-15 -0.0005)
(0.59 0.001 -0.0005)
(0.59 0.002 -0.0005)
(0.59 0.003 -0.0005)
(0.59 0.004 -0.0005)
(0.59 0.005 -0.0005)
(0.59 0.006 -0.0005)
(0.59 0.007 -0.0005)
(0.59 0.008 -0.0005)
(0.59 0.009 -0.0005)
(0.6 -0.009 -0.0005)
(0.6 -0.008 -0.0005)
(0.6 -0.007 -0.0005)
(0.6 -0.006 -0.0005)
(0.6 -0.005 -0.0005)
(0.6 -0.004 -0.0005)
(0.6 -0.003 -0.0005)
(0.6 -0.002 -0.0005)
(0.6 -0.001 -0.0005)
(0.6 -5.078402976e-15 -0.0005)
(0.6 0.001 -0.0005)
(0.6 0.002 -0.0005)
(0.6 0.003 -0.0005)
(0.6 0.004 -0.0005)
(0.6 0.005 -0.0005)
(0.6 0.006 -0.0005)
(0.6 0.007 -0.0005)
(0.6 0.008 -0.0005)
(0.6 0.009 -0.0005)
(0.61 -0.009 -0.0005)
(0.61 -0.008 -0.0005)
(0.61 -0.007 -0.0005)
(0.61 -0.006 -0.0005)
(0.61 -0.005 -0.0005)
(0.61 -0.004 -0.0005)
(0.61 -0.003 -0.0005)
(0.61 -0.002 -0.0005)
(0.61 -0.001 -0.0005)
(0.61 -5.586460114e-15 -0.0005)
(0.61 0.001 -0.0005)
(0.61 0.002 -0.0005)
(0.61 0.003 -0.0005)
(0.61 0.004 -0.0005)
(0.61 0.005 -0.0005)
(0.61 0.006 -0.0005)
(0.61 0.007 -0.0005)
(0.61 0.008 -0.0005)
(0.61 0.009 -0.0005)
(0.62 -0.009 -0.0005)
(0.62 -0.008 -0.0005)
(0.62 -0.007 -0.0005)
(0.62 -0.006 -0.0005)
(0.62 -0.005 -0.0005)
(0.62 -0.004 -0.0005)
(0.62 -0.003 -0.0005)
(0.62 -0.002 -0.0005)
(0.62 -0.001 -0.0005)
(0.62 -6.093866731e-15 -0.0005)
(0.62 0.001 -0.0005)
(0.62 0.002 -0.0005)
(0.62 0.003 -0.0005)
(0.62 0.004 -0.0005)
(0.62 0.005 -0.0005)
(0.62 0.006 -0.0005)
(0.62 0.007 -0.0005)
(0.62 0.008 -0.0005)
(0.62 0.009 -0.0005)
(0.63 -0.009 -0.0005)
(0.63 -0.008 -0.0005)
(0.63 -0.007 -0.0005)
(0.63 -0.006 -0.0005)
(0.63 -0.005 -0.0005)
(0.63 -0.004 -0.0005)
(0.63 -0.003 -0.0005)
(0.63 -0.002 -0.0005)
(0.63 -0.001 -0.0005)
(0.63 -6.60257439e-15 -0.0005)
(0.63 0.001 -0.0005)
(0.63 0.002 -0.0005)
(0.63 0.003 -0.0005)
(0.63 0.004 -0.0005)
(0.63 0.005 -0.0005)
(0.63 0.006 -0.0005)
(0.63 0.007 -0.0005)
(0.63 0.008 -0.0005)
(0.63 0.009 -0.0005)
(0.64 -0.009 -0.0005)
(0.64 -0.008 -0.0005)
(0.64 -0.007 -0.0005)
(0.64 -0.006 -0.0005)
(0.64 -0.005 -0.0005)
(0.64 -0.004 -0.0005)
(0.64 -0.003 -0.0005)
(0.64 -0.002 -0.0005)
(0.64 -0.001 -0.0005)
(0.64 -7.108679964e-15 -0.0005)
(0.64 0.001 -0.0005)
(0.64 0.002 -0.0005)
(0.64 0.003 -0.0005)
(0.64 0.004 -0.0005)
(0.64 0.005 -0.0005)
(0.64 0.006 -0.0005)
(0.64 0.007 -0.0005)
(0.64 0.008 -0.0005)
(0.64 0.009 -0.0005)
(0.65 -0.009 -0.0005)
(0.65 -0.008 -0.0005)
(0.65 -0.007 -0.0005)
(0.65 -0.006 -0.0005)
(0.65 -0.005 -0.0005)
(0.65 -0.004 -0.0005)
(0.65 -0.003 -0.0005)
(0.65 -0.002 -0.0005)
(0.65 -0.001 -0.0005)
(0.65 -7.617821304e-15 -0.0005)
(0.65 0.001 -0.0005)
(0.65 0.002 -0.0005)
(0.65 0.003 -0.0005)
(0.65 0.004 -0.0005)
(0.65 0.005 -0.0005)
(0.65 0.006 -0.0005)
(0.65 0.007 -0.0005)
(0.65 0.008 -0.0005)
(0.65 0.009 -0.0005)
(0.66 -0.009 -0.0005)
(0.66 -0.008 -0.0005)
(0.66 -0.007 -0.0005)
(0.66 -0.006 -0.0005)
(0.66 -0.005 -0.0005)
(0.66 -0.004 -0.0005)
(0.66 -0.003 -0.0005)
(0.66 -0.002 -0.0005)
(0.66 -0.001 -0.0005)
(0.66 -8.123926878e-15 -0.0005)
(0.66 0.001 -0.0005)
(0.66 0.002 -0.0005)
(0.66 0.003 -0.0005)
(0.66 0.004 -0.0005)
(0.66 0.005 -0.0005)
(0.66 0.006 -0.0005)
(0.66 0.007 -0.0005)
(0.66 0.008 -0.0005)
(0.66 0.009 -0.0005)
(0.67 -0.009 -0.0005)
(0.67 -0.008 -0.0005)
(0.67 -0.007 -0.0005)
(0.67 -0.006 -0.0005)
(0.67 -0.005 -0.0005)
(0.67 -0.004 -0.0005)
(0.67 -0.003 -0.0005)
(0.67 -0.002 -0.0005)
(0.67 -0.001 -0.0005)
(0.67 -8.631984016e-15 -0.0005)
(0.67 0.001 -0.0005)
(0.67 0.002 -0.0005)
(0.67 0.003 -0.0005)
(0.67 0.004 -0.0005)
(0.67 0.005 -0.0005)
(0.67 0.006 -0.0005)
(0.67 0.007 -0.0005)
(0.67 0.008 -0.0005)
(0.67 0.009 -0.0005)
(0.68 -0.009 -0.0005)
(0.68 -0.008 -0.0005)
(0.68 -0.007 -0.0005)
(0.68 -0.006 -0.0005)
(0.68 -0.005 -0.0005)
(0.68 -0.004 -0.0005)
(0.68 -0.003 -0.0005)
(0.68 -0.002 -0.0005)
(0.68 -0.001 -0.0005)
(0.68 -9.140908516e-15 -0.0005)
(0.68 0.001 -0.0005)
(0.68 0.002 -0.0005)
(0.68 0.003 -0.0005)
(0.68 0.004 -0.0005)
(0.68 0.005 -0.0005)
(0.68 0.006 -0.0005)
(0.68 0.007 -0.0005)
(0.68 0.008 -0.0005)
(0.68 0.009 -0.0005)
(0.69 -0.009 -0.0005)
(0.69 -0.008 -0.0005)
(0.69 -0.007 -0.0005)
(0.69 -0.006 -0.0005)
(0.69 -0.005 -0.0005)
(0.69 -0.004 -0.0005)
(0.69 -0.003 -0.0005)
(0.69 -0.002 -0.0005)
(0.69 -0.001 -0.0005)
(0.69 -9.647881452e-15 -0.0005)
(0.69 0.001 -0.0005)
(0.69 0.002 -0.0005)
(0.69 0.003 -0.0005)
(0.69 0.004 -0.0005)
(0.69 0.005 -0.0005)
(0.69 0.006 -0.0005)
(0.69 0.007 -0.0005)
(0.69 0.008 -0.0005)
(0.69 0.009 -0.0005)
(0.7 -0.009 -0.0005)
(0.7 -0.008 -0.0005)
(0.7 -0.007 -0.0005)
(0.7 -0.006 -0.0005)
(0.7 -0.005 -0.0005)
(0.7 -0.004 -0.0005)
(0.7 -0.003 -0.0005)
(0.7 -0.002 -0.0005)
(0.7 -0.001 -0.0005)
(0.7 -1.015615543e-14 -0.0005)
(0.7 0.001 -0.0005)
(0.7 0.002 -0.0005)
(0.7 0.003 -0.0005)
(0.7 0.004 -0.0005)
(0.7 0.005 -0.0005)
(0.7 0.006 -0.0005)
(0.7 0.007 -0.0005)
(0.7 0.008 -0.0005)
(0.7 0.009 -0.0005)
(0.71 -0.009 -0.0005)
(0.71 -0.008 -0.0005)
(0.71 -0.007 -0.0005)
(0.71 -0.006 -0.0005)
(0.71 -0.005 -0.0005)
(0.71 -0.004 -0.0005)
(0.71 -0.003 -0.0005)
(0.71 -0.002 -0.0005)
(0.71 -0.001 -0.0005)
(0.71 -1.066399573e-14 -0.0005)
(0.71 0.001 -0.0005)
(0.71 0.002 -0.0005)
(0.71 0.003 -0.0005)
(0.71 0.004 -0.0005)
(0.71 0.005 -0.0005)
(0.71 0.006 -0.0005)
(0.71 0.007 -0.0005)
(0.71 0.008 -0.0005)
(0.71 0.009 -0.0005)
(0.72 -0.009 -0.0005)
(0.72 -0.008 -0.0005)
(0.72 -0.007 -0.0005)
(0.72 -0.006 -0.0005)
(0.72 -0.005 -0.0005)
(0.72 -0.004 -0.0005)
(0.72 -0.003 -0.0005)
(0.72 -0.002 -0.0005)
(0.72 -0.001 -0.0005)
(0.72 -1.11711855e-14 -0.0005)
(0.72 0.001 -0.0005)
(0.72 0.002 -0.0005)
(0.72 0.003 -0.0005)
(0.72 0.004 -0.0005)
(0.72 0.005 -0.0005)
(0.72 0.006 -0.0005)
(0.72 0.007 -0.0005)
(0.72 0.008 -0.0005)
(0.72 0.009 -0.0005)
(0.73 -0.009 -0.0005)
(0.73 -0.008 -0.0005)
(0.73 -0.007 -0.0005)
(0.73 -0.006 -0.0005)
(0.73 -0.005 -0.0005)
(0.73 -0.004 -0.0005)
(0.73 -0.003 -0.0005)
(0.73 -0.002 -0.0005)
(0.73 -0.001 -0.0005)
(0.73 -1.167924264e-14 -0.0005)
(0.73 0.001 -0.0005)
(0.73 0.002 -0.0005)
(0.73 0.003 -0.0005)
(0.73 0.004 -0.0005)
(0.73 0.005 -0.0005)
(0.73 0.006 -0.0005)
(0.73 0.007 -0.0005)
(0.73 0.008 -0.0005)
(0.73 0.009 -0.0005)
(0.74 -0.009 -0.0005)
(0.74 -0.008 -0.0005)
(0.74 -0.007 -0.0005)
(0.74 -0.006 -0.0005)
(0.74 -0.005 -0.0005)
(0.74 -0.004 -0.0005)
(0.74 -0.003 -0.0005)
(0.74 -0.002 -0.0005)
(0.74 -0.001 -0.0005)
(0.74 -1.218816714e-14 -0.0005)
(0.74 0.001 -0.0005)
(0.74 0.002 -0.0005)
(0.74 0.003 -0.0005)
(0.74 0.004 -0.0005)
(0.74 0.005 -0.0005)
(0.74 0.006 -0.0005)
(0.74 0.007 -0.0005)
(0.74 0.008 -0.0005)
(0.74 0.009 -0.0005)
(0.75 -0.009 -0.0005)
(0.75 -0.008 -0.0005)
(0.75 -0.007 -0.0005)
(0.75 -0.006 -0.0005)
(0.75 -0.005 -0.0005)
(0.75 -0.004 -0.0005)
(0.75 -0.003 -0.0005)
(0.75 -0.002 -0.0005)
(0.75 -0.001 -0.0005)
(0.75 -1.269448956e-14 -0.0005)
(0.75 0.001 -0.0005)
(0.75 0.002 -0.0005)
(0.75 0.003 -0.0005)
(0.75 0.004 -0.0005)
(0.75 0.005 -0.0005)
(0.75 0.006 -0.0005)
(0.75 0.007 -0.0005)
(0.75 0.008 -0.0005)
(0.75 0.009 -0.0005)
(0.76 -0.009 -0.0005)
(0.76 -0.008 -0.0005)
(0.76 -0.007 -0.0005)
(0.76 -0.006 -0.0005)
(0.76 -0.005 -0.0005)
(0.76 -0.004 -0.0005)
(0.76 -0.003 -0.0005)
(0.76 -0.002 -0.0005)
(0.76 -0.001 -0.0005)
(0.76 -1.320298038e-14 -0.0005)
(0.76 0.001 -0.0005)
(0.76 0.002 -0.0005)
(0.76 0.003 -0.0005)
(0.76 0.004 -0.0005)
(0.76 0.005 -0.0005)
(0.76 0.006 -0.0005)
(0.76 0.007 -0.0005)
(0.76 0.008 -0.0005)
(0.76 0.009 -0.0005)
(0.77 -0.009 -0.0005)
(0.77 -0.008 -0.0005)
(0.77 -0.007 -0.0005)
(0.77 -0.006 -0.0005)
(0.77 -0.005 -0.0005)
(0.77 -0.004 -0.0005)
(0.77 -0.003 -0.0005)
(0.77 -0.002 -0.0005)
(0.77 -0.001 -0.0005)
(0.77 -1.371103751e-14 -0.0005)
(0.77 0.001 -0.0005)
(0.77 0.002 -0.0005)
(0.77 0.003 -0.0005)
(0.77 0.004 -0.0005)
(0.77 0.005 -0.0005)
(0.77 0.006 -0.0005)
(0.77 0.007 -0.0005)
(0.77 0.008 -0.0005)
(0.77 0.009 -0.0005)
(0.78 -0.009 -0.0005)
(0.78 -0.008 -0.0005)
(0.78 -0.007 -0.0005)
(0.78 -0.006 -0.0005)
(0.78 -0.005 -0.0005)
(0.78 -0.004 -0.0005)
(0.78 -0.003 -0.0005)
(0.78 -0.002 -0.0005)
(0.78 -0.001 -0.0005)
(0.78 -1.421757677e-14 -0.0005)
(0.78 0.001 -0.0005)
(0.78 0.002 -0.0005)
(0.78 0.003 -0.0005)
(0.78 0.004 -0.0005)
(0.78 0.005 -0.0005)
(0.78 0.006 -0.0005)
(0.78 0.007 -0.0005)
(0.78 0.008 -0.0005)
(0.78 0.009 -0.0005)
(0.79 -0.009 -0.0005)
(0.79 -0.008 -0.0005)
(0.79 -0.007 -0.0005)
(0.79 -0.006 -0.0005)
(0.79 -0.005 -0.0005)
(0.79 -0.004 -0.0005)
(0.79 -0.003 -0.0005)
(0.79 -0.002 -0.0005)
(0.79 -0.001 -0.0005)
(0.79 -1.472628443e-14 -0.0005)
(0.79 0.001 -0.0005)
(0.79 0.002 -0.0005)
(0.79 0.003 -0.0005)
(0.79 0.004 -0.0005)
(0.79 0.005 -0.0005)
(0.79 0.006 -0.0005)
(0.79 0.007 -0.0005)
(0.79 0.008 -0.0005)
(0.79 0.009 -0.0005)
(0.8 -0.009 -0.0005)
(0.8 -0.008 -0.0005)
(0.8 -0.007 -0.0005)
(0.8 -0.006 -0.0005)
(0.8 -0.005 -0.0005)
(0.8 -0.004 -0.0005)
(0.8 -0.003 -0.0005)
(0.8 -0.002 -0.0005)
(0.8 -0.001 -0.0005)
(0.8 -1.523477525e-14 -0.0005)
(0.8 0.001 -0.0005)
(0.8 0.002 -0.0005)
(0.8 0.003 -0.0005)
(0.8 0.004 -0.0005)
(0.8 0.005 -0.0005)
(0.8 0.006 -0.0005)
(0.8 0.007 -0.0005)
(0.8 0.008 -0.0005)
(0.8 0.009 -0.0005)
(0.81 -0.009 -0.0005)
(0.81 -0.008 -0.0005)
(0.81 -0.007 -0.0005)
(0.81 -0.006 -0.0005)
(0.81 -0.005 -0.0005)
(0.81 -0.004 -0.0005)
(0.81 -0.003 -0.0005)
(0.81 -0.002 -0.0005)
(0.81 -0.001 -0.0005)
(0.81 -1.57418566e-14 -0.0005)
(0.81 0.001 -0.0005)
(0.81 0.002 -0.0005)
(0.81 0.003 -0.0005)
(0.81 0.004 -0.0005)
(0.81 0.005 -0.0005)
(0.81 0.006 -0.0005)
(0.81 0.007 -0.0005)
(0.81 0.008 -0.0005)
(0.81 0.009 -0.0005)
(0.82 -0.009 -0.0005)
(0.82 -0.008 -0.0005)
(0.82 -0.007 -0.0005)
(0.82 -0.006 -0.0005)
(0.82 -0.005 -0.0005)
(0.82 -0.004 -0.0005)
(0.82 -0.003 -0.0005)
(0.82 -0.002 -0.0005)
(0.82 -0.001 -0.0005)
(0.82 -1.624882954e-14 -0.0005)
(0.82 0.001 -0.0005)
(0.82 0.002 -0.0005)
(0.82 0.003 -0.0005)
(0.82 0.004 -0.0005)
(0.82 0.005 -0.0005)
(0.82 0.006 -0.0005)
(0.82 0.007 -0.0005)
(0.82 0.008 -0.0005)
(0.82 0.009 -0.0005)
(0.83 -0.009 -0.0005)
(0.83 -0.008 -0.0005)
(0.83 -0.007 -0.0005)
(0.83 -0.006 -0.0005)
(0.83 -0.005 -0.0005)
(0.83 -0.004 -0.0005)
(0.83 -0.003 -0.0005)
(0.83 -0.002 -0.0005)
(0.83 -0.001 -0.0005)
(0.83 -1.67586214e-14 -0.0005)
(0.83 0.001 -0.0005)
(0.83 0.002 -0.0005)
(0.83 0.003 -0.0005)
(0.83 0.004 -0.0005)
(0.83 0.005 -0.0005)
(0.83 0.006 -0.0005)
(0.83 0.007 -0.0005)
(0.83 0.008 -0.0005)
(0.83 0.009 -0.0005)
(0.84 -0.009 -0.0005)
(0.84 -0.008 -0.0005)
(0.84 -0.007 -0.0005)
(0.84 -0.006 -0.0005)
(0.84 -0.005 -0.0005)
(0.84 -0.004 -0.0005)
(0.84 -0.003 -0.0005)
(0.84 -0.002 -0.0005)
(0.84 -0.001 -0.0005)
(0.84 -1.72653775e-14 -0.0005)
(0.84 0.001 -0.0005)
(0.84 0.002 -0.0005)
(0.84 0.003 -0.0005)
(0.84 0.004 -0.0005)
(0.84 0.005 -0.0005)
(0.84 0.006 -0.0005)
(0.84 0.007 -0.0005)
(0.84 0.008 -0.0005)
(0.84 0.009 -0.0005)
(0.85 -0.009 -0.0005)
(0.85 -0.008 -0.0005)
(0.85 -0.007 -0.0005)
(0.85 -0.006 -0.0005)
(0.85 -0.005 -0.0005)
(0.85 -0.004 -0.0005)
(0.85 -0.003 -0.0005)
(0.85 -0.002 -0.0005)
(0.85 -0.001 -0.0005)
(0.85 -1.777169991e-14 -0.0005)
(0.85 0.001 -0.0005)
(0.85 0.002 -0.0005)
(0.85 0.003 -0.0005)
(0.85 0.004 -0.0005)
(0.85 0.005 -0.0005)
(0.85 0.006 -0.0005)
(0.85 0.007 -0.0005)
(0.85 0.008 -0.0005)
(0.85 0.009 -0.0005)
(0.86 -0.009 -0.0005)
(0.86 -0.008 -0.0005)
(0.86 -0.007 -0.0005)
(0.86 -0.006 -0.0005)
(0.86 -0.005 -0.0005)
(0.86 -0.004 -0.0005)
(0.86 -0.003 -0.0005)
(0.86 -0.002 -0.0005)
(0.86 -0.001 -0.0005)
(0.86 -1.828094967e-14 -0.0005)
(0.86 0.001 -0.0005)
(0.86 0.002 -0.0005)
(0.86 0.003 -0.0005)
(0.86 0.004 -0.0005)
(0.86 0.005 -0.0005)
(0.86 0.006 -0.0005)
(0.86 0.007 -0.0005)
(0.86 0.008 -0.0005)
(0.86 0.009 -0.0005)
(0.87 -0.009 -0.0005)
(0.87 -0.008 -0.0005)
(0.87 -0.007 -0.0005)
(0.87 -0.006 -0.0005)
(0.87 -0.005 -0.0005)
(0.87 -0.004 -0.0005)
(0.87 -0.003 -0.0005)
(0.87 -0.002 -0.0005)
(0.87 -0.001 -0.0005)
(0.87 -1.878868155e-14 -0.0005)
(0.87 0.001 -0.0005)
(0.87 0.002 -0.0005)
(0.87 0.003 -0.0005)
(0.87 0.004 -0.0005)
(0.87 0.005 -0.0005)
(0.87 0.006 -0.0005)
(0.87 0.007 -0.0005)
(0.87 0.008 -0.0005)
(0.87 0.009 -0.0005)
(0.88 -0.009 -0.0005)
(0.88 -0.008 -0.0005)
(0.88 -0.007 -0.0005)
(0.88 -0.006 -0.0005)
(0.88 -0.005 -0.0005)
(0.88 -0.004 -0.0005)
(0.88 -0.003 -0.0005)
(0.88 -0.002 -0.0005)
(0.88 -0.001 -0.0005)
(0.88 -1.92957629e-14 -0.0005)
(0.88 0.001 -0.0005)
(0.88 0.002 -0.0005)
(0.88 0.003 -0.0005)
(0.88 0.004 -0.0005)
(0.88 0.005 -0.0005)
(0.88 0.006 -0.0005)
(0.88 0.007 -0.0005)
(0.88 0.008 -0.0005)
(0.88 0.009 -0.0005)
(0.89 -0.009 -0.0005)
(0.89 -0.008 -0.0005)
(0.89 -0.007 -0.0005)
(0.89 -0.006 -0.0005)
(0.89 -0.005 -0.0005)
(0.89 -0.004 -0.0005)
(0.89 -0.003 -0.0005)
(0.89 -0.002 -0.0005)
(0.89 -0.001 -0.0005)
(0.89 -1.980338636e-14 -0.0005)
(0.89 0.001 -0.0005)
(0.89 0.002 -0.0005)
(0.89 0.003 -0.0005)
(0.89 0.004 -0.0005)
(0.89 0.005 -0.0005)
(0.89 0.006 -0.0005)
(0.89 0.007 -0.0005)
(0.89 0.008 -0.0005)
(0.89 0.009 -0.0005)
(0.9 -0.009 -0.0005)
(0.9 -0.008 -0.0005)
(0.9 -0.007 -0.0005)
(0.9 -0.006 -0.0005)
(0.9 -0.005 -0.0005)
(0.9 -0.004 -0.0005)
(0.9 -0.003 -0.0005)
(0.9 -0.002 -0.0005)
(0.9 -0.001 -0.0005)
(0.9 -2.03130698e-14 -0.0005)
(0.9 0.001 -0.0005)
(0.9 0.002 -0.0005)
(0.9 0.003 -0.0005)
(0.9 0.004 -0.0005)
(0.9 0.005 -0.0005)
(0.9 0.006 -0.0005)
(0.9 0.007 -0.0005)
(0.9 0.008 -0.0005)
(0.9 0.009 -0.0005)
(0.91 -0.009 -0.0005)
(0.91 -0.008 -0.0005)
(0.91 -0.007 -0.0005)
(0.91 -0.006 -0.0005)
(0.91 -0.005 -0.0005)
(0.91 -0.004 -0.0005)
(0.91 -0.003 -0.0005)
(0.91 -0.002 -0.0005)
(0.91 -0.001 -0.0005)
(0.91 -2.08198259e-14 -0.0005)
(0.91 0.001 -0.0005)
(0.91 0.002 -0.0005)
(0.91 0.003 -0.0005)
(0.91 0.004 -0.0005)
(0.91 0.005 -0.0005)
(0.91 0.006 -0.0005)
(0.91 0.007 -0.0005)
(0.91 0.008 -0.0005)
(0.91 0.009 -0.0005)
(0.92 -0.009 -0.0005)
(0.92 -0.008 -0.0005)
(0.92 -0.007 -0.0005)
(0.92 -0.006 -0.0005)
(0.92 -0.005 -0.0005)
(0.92 -0.004 -0.0005)
(0.92 -0.003 -0.0005)
(0.92 -0.002 -0.0005)
(0.92 -0.001 -0.0005)
(0.92 -2.132669041e-14 -0.0005)
(0.92 0.001 -0.0005)
(0.92 0.002 -0.0005)
(0.92 0.003 -0.0005)
(0.92 0.004 -0.0005)
(0.92 0.005 -0.0005)
(0.92 0.006 -0.0005)
(0.92 0.007 -0.0005)
(0.92 0.008 -0.0005)
(0.92 0.009 -0.0005)
(0.93 -0.009 -0.0005)
(0.93 -0.008 -0.0005)
(0.93 -0.007 -0.0005)
(0.93 -0.006 -0.0005)
(0.93 -0.005 -0.0005)
(0.93 -0.004 -0.0005)
(0.93 -0.003 -0.0005)
(0.93 -0.002 -0.0005)
(0.93 -0.001 -0.0005)
(0.93 -2.183458492e-14 -0.0005)
(0.93 0.001 -0.0005)
(0.93 0.002 -0.0005)
(0.93 0.003 -0.0005)
(0.93 0.004 -0.0005)
(0.93 0.005 -0.0005)
(0.93 0.006 -0.0005)
(0.93 0.007 -0.0005)
(0.93 0.008 -0.0005)
(0.93 0.009 -0.0005)
(0.94 -0.009 -0.0005)
(0.94 -0.008 -0.0005)
(0.94 -0.007 -0.0005)
(0.94 -0.006 -0.0005)
(0.94 -0.005 -0.0005)
(0.94 -0.004 -0.0005)
(0.94 -0.003 -0.0005)
(0.94 -0.002 -0.0005)
(0.94 -0.001 -0.0005)
(0.94 -2.234345521e-14 -0.0005)
(0.94 0.001 -0.0005)
(0.94 0.002 -0.0005)
(0.94 0.003 -0.0005)
(0.94 0.004 -0.0005)
(0.94 0.005 -0.0005)
(0.94 0.006 -0.0005)
(0.94 0.007 -0.0005)
(0.94 0.008 -0.0005)
(0.94 0.009 -0.0005)
(0.95 -0.009 -0.0005)
(0.95 -0.008 -0.0005)
(0.95 -0.007 -0.0005)
(0.95 -0.006 -0.0005)
(0.95 -0.005 -0.0005)
(0.95 -0.004 -0.0005)
(0.95 -0.003 -0.0005)
(0.95 -0.002 -0.0005)
(0.95 -0.001 -0.0005)
(0.95 -2.285140393e-14 -0.0005)
(0.95 0.001 -0.0005)
(0.95 0.002 -0.0005)
(0.95 0.003 -0.0005)
(0.95 0.004 -0.0005)
(0.95 0.005 -0.0005)
(0.95 0.006 -0.0005)
(0.95 0.007 -0.0005)
(0.95 0.008 -0.0005)
(0.95 0.009 -0.0005)
(0.96 -0.009 -0.0005)
(0.96 -0.008 -0.0005)
(0.96 -0.007 -0.0005)
(0.96 -0.006 -0.0005)
(0.96 -0.005 -0.0005)
(0.96 -0.004 -0.0005)
(0.96 -0.003 -0.0005)
(0.96 -0.002 -0.0005)
(0.96 -0.001 -0.0005)
(0.96 -2.335905449e-14 -0.0005)
(0.96 0.001 -0.0005)
(0.96 0.002 -0.0005)
(0.96 0.003 -0.0005)
(0.96 0.004 -0.0005)
(0.96 0.005 -0.0005)
(0.96 0.006 -0.0005)
(0.96 0.007 -0.0005)
(0.96 0.008 -0.0005)
(0.96 0.009 -0.0005)
(0.97 -0.009 -0.0005)
(0.97 -0.008 -0.0005)
(0.97 -0.007 -0.0005)
(0.97 -0.006 -0.0005)
(0.97 -0.005 -0.0005)
(0.97 -0.004 -0.0005)
(0.97 -0.003 -0.0005)
(0.97 -0.002 -0.0005)
(0.97 -0.001 -0.0005)
(0.97 -2.386583769e-14 -0.0005)
(0.97 0.001 -0.0005)
(0.97 0.002 -0.0005)
(0.97 0.003 -0.0005)
(0.97 0.004 -0.0005)
(0.97 0.005 -0.0005)
(0.97 0.006 -0.0005)
(0.97 0.007 -0.0005)
(0.97 0.008 -0.0005)
(0.97 0.009 -0.0005)
(0.98 -0.009 -0.0005)
(0.98 -0.008 -0.0005)
(0.98 -0.007 -0.0005)
(0.98 -0.006 -0.0005)
(0.98 -0.005 -0.0005)
(0.98 -0.004 -0.0005)
(0.98 -0.003 -0.0005)
(0.98 -0.002 -0.0005)
(0.98 -0.001 -0.0005)
(0.98 -2.437379996e-14 -0.0005)
(0.98 0.001 -0.0005)
(0.98 0.002 -0.0005)
(0.98 0.003 -0.0005)
(0.98 0.004 -0.0005)
(0.98 0.005 -0.0005)
(0.98 0.006 -0.0005)
(0.98 0.007 -0.0005)
(0.98 0.008 -0.0005)
(0.98 0.009 -0.0005)
(0.99 -0.009 -0.0005)
(0.99 -0.008 -0.0005)
(0.99 -0.007 -0.0005)
(0.99 -0.006 -0.0005)
(0.99 -0.005 -0.0005)
(0.99 -0.004 -0.0005)
(0.99 -0.003 -0.0005)
(0.99 -0.002 -0.0005)
(0.99 -0.001 -0.0005)
(0.99 -2.488318525e-14 -0.0005)
(0.99 0.001 -0.0005)
(0.99 0.002 -0.0005)
(0.99 0.003 -0.0005)
(0.99 0.004 -0.0005)
(0.99 0.005 -0.0005)
(0.99 0.006 -0.0005)
(0.99 0.007 -0.0005)
(0.99 0.008 -0.0005)
(0.99 0.009 -0.0005)
(0.01 -0.009 0.0005)
(0.01 -0.008 0.0005)
(0.01 -0.007 0.0005)
(0.01 -0.006 0.0005)
(0.01 -0.005 0.0005)
(0.01 -0.004 0.0005)
(0.01 -0.003 0.0005)
(0.01 -0.002 0.0005)
(0.01 -0.001 0.0005)
(0.01 2.488113882e-14 0.0005)
(0.01 0.001 0.0005)
(0.01 0.002 0.0005)
(0.01 0.003 0.0005)
(0.01 0.004 0.0005)
(0.01 0.005 0.0005)
(0.01 0.006 0.0005)
(0.01 0.007 0.0005)
(0.01 0.008 0.0005)
(0.01 0.009 0.0005)
(0.02 -0.009 0.0005)
(0.02 -0.008 0.0005)
(0.02 -0.007 0.0005)
(0.02 -0.006 0.0005)
(0.02 -0.005 0.0005)
(0.02 -0.004 0.0005)
(0.02 -0.003 0.0005)
(0.02 -0.002 0.0005)
(0.02 -0.001 0.0005)
(0.02 2.437459956e-14 0.0005)
(0.02 0.001 0.0005)
(0.02 0.002 0.0005)
(0.02 0.003 0.0005)
(0.02 0.004 0.0005)
(0.02 0.005 0.0005)
(0.02 0.006 0.0005)
(0.02 0.007 0.0005)
(0.02 0.008 0.0005)
(0.02 0.009 0.0005)
(0.03 -0.009 0.0005)
(0.03 -0.008 0.0005)
(0.03 -0.007 0.0005)
(0.03 -0.006 0.0005)
(0.03 -0.005 0.0005)
(0.03 -0.004 0.0005)
(0.03 -0.003 0.0005)
(0.03 -0.002 0.0005)
(0.03 -0.001 0.0005)
(0.03 2.386545822e-14 0.0005)
(0.03 0.001 0.0005)
(0.03 0.002 0.0005)
(0.03 0.003 0.0005)
(0.03 0.004 0.0005)
(0.03 0.005 0.0005)
(0.03 0.006 0.0005)
(0.03 0.007 0.0005)
(0.03 0.008 0.0005)
(0.03 0.009 0.0005)
(0.04 -0.009 0.0005)
(0.04 -0.008 0.0005)
(0.04 -0.007 0.0005)
(0.04 -0.006 0.0005)
(0.04 -0.005 0.0005)
(0.04 -0.004 0.0005)
(0.04 -0.003 0.0005)
(0.04 -0.002 0.0005)
(0.04 -0.001 0.0005)
(0.04 2.335718424e-14 0.0005)
(0.04 0.001 0.0005)
(0.04 0.002 0.0005)
(0.04 0.003 0.0005)
(0.04 0.004 0.0005)
(0.04 0.005 0.0005)
(0.04 0.006 0.0005)
(0.04 0.007 0.0005)
(0.04 0.008 0.0005)
(0.04 0.009 0.0005)
(0.05 -0.009 0.0005)
(0.05 -0.008 0.0005)
(0.05 -0.007 0.0005)
(0.05 -0.006 0.0005)
(0.05 -0.005 0.0005)
(0.05 -0.004 0.0005)
(0.05 -0.003 0.0005)
(0.05 -0.002 0.0005)
(0.05 -0.001 0.0005)
(0.05 2.284977763e-14 0.0005)
(0.05 0.001 0.0005)
(0.05 0.002 0.0005)
(0.05 0.003 0.0005)
(0.05 0.004 0.0005)
(0.05 0.005 0.0005)
(0.05 0.006 0.0005)
(0.05 0.007 0.0005)
(0.05 0.008 0.0005)
(0.05 0.009 0.0005)
(0.06 -0.009 0.0005)
(0.06 -0.008 0.0005)
(0.06 -0.007 0.0005)
(0.06 -0.006 0.0005)
(0.06 -0.005 0.0005)
(0.06 -0.004 0.0005)
(0.06 -0.003 0.0005)
(0.06 -0.002 0.0005)
(0.06 -0.001 0.0005)
(0.06 2.234150365e-14 0.0005)
(0.06 0.001 0.0005)
(0.06 0.002 0.0005)
(0.06 0.003 0.0005)
(0.06 0.004 0.0005)
(0.06 0.005 0.0005)
(0.06 0.006 0.0005)
(0.06 0.007 0.0005)
(0.06 0.008 0.0005)
(0.06 0.009 0.0005)
(0.07 -0.009 0.0005)
(0.07 -0.008 0.0005)
(0.07 -0.007 0.0005)
(0.07 -0.006 0.0005)
(0.07 -0.005 0.0005)
(0.07 -0.004 0.0005)
(0.07 -0.003 0.0005)
(0.07 -0.002 0.0005)
(0.07 -0.001 0.0005)
(0.07 2.183409703e-14 0.0005)
(0.07 0.001 0.0005)
(0.07 0.002 0.0005)
(0.07 0.003 0.0005)
(0.07 0.004 0.0005)
(0.07 0.005 0.0005)
(0.07 0.006 0.0005)
(0.07 0.007 0.0005)
(0.07 0.008 0.0005)
(0.07 0.009 0.0005)
(0.08 -0.009 0.0005)
(0.08 -0.008 0.0005)
(0.08 -0.007 0.0005)
(0.08 -0.006 0.0005)
(0.08 -0.005 0.0005)
(0.08 -0.004 0.0005)
(0.08 -0.003 0.0005)
(0.08 -0.002 0.0005)
(0.08 -0.001 0.0005)
(0.08 2.132669041e-14 0.0005)
(0.08 0.001 0.0005)
(0.08 0.002 0.0005)
(0.08 0.003 0.0005)
(0.08 0.004 0.0005)
(0.08 0.005 0.0005)
(0.08 0.006 0.0005)
(0.08 0.007 0.0005)
(0.08 0.008 0.0005)
(0.08 0.009 0.0005)
(0.09 -0.009 0.0005)
(0.09 -0.008 0.0005)
(0.09 -0.007 0.0005)
(0.09 -0.006 0.0005)
(0.09 -0.005 0.0005)
(0.09 -0.004 0.0005)
(0.09 -0.003 0.0005)
(0.09 -0.002 0.0005)
(0.09 -0.001 0.0005)
(0.09 2.081841644e-14 0.0005)
(0.09 0.001 0.0005)
(0.09 0.002 0.0005)
(0.09 0.003 0.0005)
(0.09 0.004 0.0005)
(0.09 0.005 0.0005)
(0.09 0.006 0.0005)
(0.09 0.007 0.0005)
(0.09 0.008 0.0005)
(0.09 0.009 0.0005)
(0.1 -0.009 0.0005)
(0.1 -0.008 0.0005)
(0.1 -0.007 0.0005)
(0.1 -0.006 0.0005)
(0.1 -0.005 0.0005)
(0.1 -0.004 0.0005)
(0.1 -0.003 0.0005)
(0.1 -0.002 0.0005)
(0.1 -0.001 0.0005)
(0.1 2.031100982e-14 0.0005)
(0.1 0.001 0.0005)
(0.1 0.002 0.0005)
(0.1 0.003 0.0005)
(0.1 0.004 0.0005)
(0.1 0.005 0.0005)
(0.1 0.006 0.0005)
(0.1 0.007 0.0005)
(0.1 0.008 0.0005)
(0.1 0.009 0.0005)
(0.11 -0.009 0.0005)
(0.11 -0.008 0.0005)
(0.11 -0.007 0.0005)
(0.11 -0.006 0.0005)
(0.11 -0.005 0.0005)
(0.11 -0.004 0.0005)
(0.11 -0.003 0.0005)
(0.11 -0.002 0.0005)
(0.11 -0.001 0.0005)
(0.11 1.98036032e-14 0.0005)
(0.11 0.001 0.0005)
(0.11 0.002 0.0005)
(0.11 0.003 0.0005)
(0.11 0.004 0.0005)
(0.11 0.005 0.0005)
(0.11 0.006 0.0005)
(0.11 0.007 0.0005)
(0.11 0.008 0.0005)
(0.11 0.009 0.0005)
(0.12 -0.009 0.0005)
(0.12 -0.008 0.0005)
(0.12 -0.007 0.0005)
(0.12 -0.006 0.0005)
(0.12 -0.005 0.0005)
(0.12 -0.004 0.0005)
(0.12 -0.003 0.0005)
(0.12 -0.002 0.0005)
(0.12 -0.001 0.0005)
(0.12 1.929619659e-14 0.0005)
(0.12 0.001 0.0005)
(0.12 0.002 0.0005)
(0.12 0.003 0.0005)
(0.12 0.004 0.0005)
(0.12 0.005 0.0005)
(0.12 0.006 0.0005)
(0.12 0.007 0.0005)
(0.12 0.008 0.0005)
(0.12 0.009 0.0005)
(0.13 -0.009 0.0005)
(0.13 -0.008 0.0005)
(0.13 -0.007 0.0005)
(0.13 -0.006 0.0005)
(0.13 -0.005 0.0005)
(0.13 -0.004 0.0005)
(0.13 -0.003 0.0005)
(0.13 -0.002 0.0005)
(0.13 -0.001 0.0005)
(0.13 1.878705524e-14 0.0005)
(0.13 0.001 0.0005)
(0.13 0.002 0.0005)
(0.13 0.003 0.0005)
(0.13 0.004 0.0005)
(0.13 0.005 0.0005)
(0.13 0.006 0.0005)
(0.13 0.007 0.0005)
(0.13 0.008 0.0005)
(0.13 0.009 0.0005)
(0.14 -0.009 0.0005)
(0.14 -0.008 0.0005)
(0.14 -0.007 0.0005)
(0.14 -0.006 0.0005)
(0.14 -0.005 0.0005)
(0.14 -0.004 0.0005)
(0.14 -0.003 0.0005)
(0.14 -0.002 0.0005)
(0.14 -0.001 0.0005)
(0.14 1.828051599e-14 0.0005)
(0.14 0.001 0.0005)
(0.14 0.002 0.0005)
(0.14 0.003 0.0005)
(0.14 0.004 0.0005)
(0.14 0.005 0.0005)
(0.14 0.006 0.0005)
(0.14 0.007 0.0005)
(0.14 0.008 0.0005)
(0.14 0.009 0.0005)
(0.15 -0.009 0.0005)
(0.15 -0.008 0.0005)
(0.15 -0.007 0.0005)
(0.15 -0.006 0.0005)
(0.15 -0.005 0.0005)
(0.15 -0.004 0.0005)
(0.15 -0.003 0.0005)
(0.15 -0.002 0.0005)
(0.15 -0.001 0.0005)
(0.15 1.777224201e-14 0.0005)
(0.15 0.001 0.0005)
(0.15 0.002 0.0005)
(0.15 0.003 0.0005)
(0.15 0.004 0.0005)
(0.15 0.005 0.0005)
(0.15 0.006 0.0005)
(0.15 0.007 0.0005)
(0.15 0.008 0.0005)
(0.15 0.009 0.0005)
(0.16 -0.009 0.0005)
(0.16 -0.008 0.0005)
(0.16 -0.007 0.0005)
(0.16 -0.006 0.0005)
(0.16 -0.005 0.0005)
(0.16 -0.004 0.0005)
(0.16 -0.003 0.0005)
(0.16 -0.002 0.0005)
(0.16 -0.001 0.0005)
(0.16 1.726483539e-14 0.0005)
(0.16 0.001 0.0005)
(0.16 0.002 0.0005)
(0.16 0.003 0.0005)
(0.16 0.004 0.0005)
(0.16 0.005 0.0005)
(0.16 0.006 0.0005)
(0.16 0.007 0.0005)
(0.16 0.008 0.0005)
(0.16 0.009 0.0005)
(0.17 -0.009 0.0005)
(0.17 -0.008 0.0005)
(0.17 -0.007 0.0005)
(0.17 -0.006 0.0005)
(0.17 -0.005 0.0005)
(0.17 -0.004 0.0005)
(0.17 -0.003 0.0005)
(0.17 -0.002 0.0005)
(0.17 -0.001 0.0005)
(0.17 1.675742878e-14 0.0005)
(0.17 0.001 0.0005)
(0.17 0.002 0.0005)
(0.17 0.003 0.0005)
(0.17 0.004 0.0005)
(0.17 0.005 0.0005)
(0.17 0.006 0.0005)
(0.17 0.007 0.0005)
(0.17 0.008 0.0005)
(0.17 0.009 0.0005)
(0.18 -0.009 0.0005)
(0.18 -0.008 0.0005)
(0.18 -0.007 0.0005)
(0.18 -0.006 0.0005)
(0.18 -0.005 0.0005)
(0.18 -0.004 0.0005)
(0.18 -0.003 0.0005)
(0.18 -0.002 0.0005)
(0.18 -0.001 0.0005)
(0.18 1.62491548e-14 0.0005)
(0.18 0.001 0.0005)
(0.18 0.002 0.0005)
(0.18 0.003 0.0005)
(0.18 0.004 0.0005)
(0.18 0.005 0.0005)
(0.18 0.006 0.0005)
(0.18 0.007 0.0005)
(0.18 0.008 0.0005)
(0.18 0.009 0.0005)
(0.19 -0.009 0.0005)
(0.19 -0.008 0.0005)
(0.19 -0.007 0.0005)
(0.19 -0.006 0.0005)
(0.19 -0.005 0.0005)
(0.19 -0.004 0.0005)
(0.19 -0.003 0.0005)
(0.19 -0.002 0.0005)
(0.19 -0.001 0.0005)
(0.19 1.574088082e-14 0.0005)
(0.19 0.001 0.0005)
(0.19 0.002 0.0005)
(0.19 0.003 0.0005)
(0.19 0.004 0.0005)
(0.19 0.005 0.0005)
(0.19 0.006 0.0005)
(0.19 0.007 0.0005)
(0.19 0.008 0.0005)
(0.19 0.009 0.0005)
(0.2 -0.009 0.0005)
(0.2 -0.008 0.0005)
(0.2 -0.007 0.0005)
(0.2 -0.006 0.0005)
(0.2 -0.005 0.0005)
(0.2 -0.004 0.0005)
(0.2 -0.003 0.0005)
(0.2 -0.002 0.0005)
(0.2 -0.001 0.0005)
(0.2 1.52334742e-14 0.0005)
(0.2 0.001 0.0005)
(0.2 0.002 0.0005)
(0.2 0.003 0.0005)
(0.2 0.004 0.0005)
(0.2 0.005 0.0005)
(0.2 0.006 0.0005)
(0.2 0.007 0.0005)
(0.2 0.008 0.0005)
(0.2 0.009 0.0005)
(0.21 -0.009 0.0005)
(0.21 -0.008 0.0005)
(0.21 -0.007 0.0005)
(0.21 -0.006 0.0005)
(0.21 -0.005 0.0005)
(0.21 -0.004 0.0005)
(0.21 -0.003 0.0005)
(0.21 -0.002 0.0005)
(0.21 -0.001 0.0005)
(0.21 1.472606759e-14 0.0005)
(0.21 0.001 0.0005)
(0.21 0.002 0.0005)
(0.21 0.003 0.0005)
(0.21 0.004 0.0005)
(0.21 0.005 0.0005)
(0.21 0.006 0.0005)
(0.21 0.007 0.0005)
(0.21 0.008 0.0005)
(0.21 0.009 0.0005)
(0.22 -0.009 0.0005)
(0.22 -0.008 0.0005)
(0.22 -0.007 0.0005)
(0.22 -0.006 0.0005)
(0.22 -0.005 0.0005)
(0.22 -0.004 0.0005)
(0.22 -0.003 0.0005)
(0.22 -0.002 0.0005)
(0.22 -0.001 0.0005)
(0.22 1.421735993e-14 0.0005)
(0.22 0.001 0.0005)
(0.22 0.002 0.0005)
(0.22 0.003 0.0005)
(0.22 0.004 0.0005)
(0.22 0.005 0.0005)
(0.22 0.006 0.0005)
(0.22 0.007 0.0005)
(0.22 0.008 0.0005)
(0.22 0.009 0.0005)
(0.23 -0.009 0.0005)
(0.23 -0.008 0.0005)
(0.23 -0.007 0.0005)
(0.23 -0.006 0.0005)
(0.23 -0.005 0.0005)
(0.23 -0.004 0.0005)
(0.23 -0.003 0.0005)
(0.23 -0.002 0.0005)
(0.23 -0.001 0.0005)
(0.23 1.370995331e-14 0.0005)
(0.23 0.001 0.0005)
(0.23 0.002 0.0005)
(0.23 0.003 0.0005)
(0.23 0.004 0.0005)
(0.23 0.005 0.0005)
(0.23 0.006 0.0005)
(0.23 0.007 0.0005)
(0.23 0.008 0.0005)
(0.23 0.009 0.0005)
(0.24 -0.009 0.0005)
(0.24 -0.008 0.0005)
(0.24 -0.007 0.0005)
(0.24 -0.006 0.0005)
(0.24 -0.005 0.0005)
(0.24 -0.004 0.0005)
(0.24 -0.003 0.0005)
(0.24 -0.002 0.0005)
(0.24 -0.001 0.0005)
(0.24 1.320124565e-14 0.0005)
(0.24 0.001 0.0005)
(0.24 0.002 0.0005)
(0.24 0.003 0.0005)
(0.24 0.004 0.0005)
(0.24 0.005 0.0005)
(0.24 0.006 0.0005)
(0.24 0.007 0.0005)
(0.24 0.008 0.0005)
(0.24 0.009 0.0005)
(0.25 -0.009 0.0005)
(0.25 -0.008 0.0005)
(0.25 -0.007 0.0005)
(0.25 -0.006 0.0005)
(0.25 -0.005 0.0005)
(0.25 -0.004 0.0005)
(0.25 -0.003 0.0005)
(0.25 -0.002 0.0005)
(0.25 -0.001 0.0005)
(0.25 1.269383904e-14 0.0005)
(0.25 0.001 0.0005)
(0.25 0.002 0.0005)
(0.25 0.003 0.0005)
(0.25 0.004 0.0005)
(0.25 0.005 0.0005)
(0.25 0.006 0.0005)
(0.25 0.007 0.0005)
(0.25 0.008 0.0005)
(0.25 0.009 0.0005)
(0.26 -0.009 0.0005)
(0.26 -0.008 0.0005)
(0.26 -0.007 0.0005)
(0.26 -0.006 0.0005)
(0.26 -0.005 0.0005)
(0.26 -0.004 0.0005)
(0.26 -0.003 0.0005)
(0.26 -0.002 0.0005)
(0.26 -0.001 0.0005)
(0.26 1.218643242e-14 0.0005)
(0.26 0.001 0.0005)
(0.26 0.002 0.0005)
(0.26 0.003 0.0005)
(0.26 0.004 0.0005)
(0.26 0.005 0.0005)
(0.26 0.006 0.0005)
(0.26 0.007 0.0005)
(0.26 0.008 0.0005)
(0.26 0.009 0.0005)
(0.27 -0.009 0.0005)
(0.27 -0.008 0.0005)
(0.27 -0.007 0.0005)
(0.27 -0.006 0.0005)
(0.27 -0.005 0.0005)
(0.27 -0.004 0.0005)
(0.27 -0.003 0.0005)
(0.27 -0.002 0.0005)
(0.27 -0.001 0.0005)
(0.27 1.167859212e-14 0.0005)
(0.27 0.001 0.0005)
(0.27 0.002 0.0005)
(0.27 0.003 0.0005)
(0.27 0.004 0.0005)
(0.27 0.005 0.0005)
(0.27 0.006 0.0005)
(0.27 0.007 0.0005)
(0.27 0.008 0.0005)
(0.27 0.009 0.0005)
(0.28 -0.009 0.0005)
(0.28 -0.008 0.0005)
(0.28 -0.007 0.0005)
(0.28 -0.006 0.0005)
(0.28 -0.005 0.0005)
(0.28 -0.004 0.0005)
(0.28 -0.003 0.0005)
(0.28 -0.002 0.0005)
(0.28 -0.001 0.0005)
(0.28 1.117161919e-14 0.0005)
(0.28 0.001 0.0005)
(0.28 0.002 0.0005)
(0.28 0.003 0.0005)
(0.28 0.004 0.0005)
(0.28 0.005 0.0005)
(0.28 0.006 0.0005)
(0.28 0.007 0.0005)
(0.28 0.008 0.0005)
(0.28 0.009 0.0005)
(0.29 -0.009 0.0005)
(0.29 -0.008 0.0005)
(0.29 -0.007 0.0005)
(0.29 -0.006 0.0005)
(0.29 -0.005 0.0005)
(0.29 -0.004 0.0005)
(0.29 -0.003 0.0005)
(0.29 -0.002 0.0005)
(0.29 -0.001 0.0005)
(0.29 1.066334521e-14 0.0005)
(0.29 0.001 0.0005)
(0.29 0.002 0.0005)
(0.29 0.003 0.0005)
(0.29 0.004 0.0005)
(0.29 0.005 0.0005)
(0.29 0.006 0.0005)
(0.29 0.007 0.0005)
(0.29 0.008 0.0005)
(0.29 0.009 0.0005)
(0.3 -0.009 0.0005)
(0.3 -0.008 0.0005)
(0.3 -0.007 0.0005)
(0.3 -0.006 0.0005)
(0.3 -0.005 0.0005)
(0.3 -0.004 0.0005)
(0.3 -0.003 0.0005)
(0.3 -0.002 0.0005)
(0.3 -0.001 0.0005)
(0.3 1.015593859e-14 0.0005)
(0.3 0.001 0.0005)
(0.3 0.002 0.0005)
(0.3 0.003 0.0005)
(0.3 0.004 0.0005)
(0.3 0.005 0.0005)
(0.3 0.006 0.0005)
(0.3 0.007 0.0005)
(0.3 0.008 0.0005)
(0.3 0.009 0.0005)
(0.31 -0.009 0.0005)
(0.31 -0.008 0.0005)
(0.31 -0.007 0.0005)
(0.31 -0.006 0.0005)
(0.31 -0.005 0.0005)
(0.31 -0.004 0.0005)
(0.31 -0.003 0.0005)
(0.31 -0.002 0.0005)
(0.31 -0.001 0.0005)
(0.31 9.647230931e-15 0.0005)
(0.31 0.001 0.0005)
(0.31 0.002 0.0005)
(0.31 0.003 0.0005)
(0.31 0.004 0.0005)
(0.31 0.005 0.0005)
(0.31 0.006 0.0005)
(0.31 0.007 0.0005)
(0.31 0.008 0.0005)
(0.31 0.009 0.0005)
(0.32 -0.009 0.0005)
(0.32 -0.008 0.0005)
(0.32 -0.007 0.0005)
(0.32 -0.006 0.0005)
(0.32 -0.005 0.0005)
(0.32 -0.004 0.0005)
(0.32 -0.003 0.0005)
(0.32 -0.002 0.0005)
(0.32 -0.001 0.0005)
(0.32 9.139390633e-15 0.0005)
(0.32 0.001 0.0005)
(0.32 0.002 0.0005)
(0.32 0.003 0.0005)
(0.32 0.004 0.0005)
(0.32 0.005 0.0005)
(0.32 0.006 0.0005)
(0.32 0.007 0.0005)
(0.32 0.008 0.0005)
(0.32 0.009 0.0005)
(0.33 -0.009 0.0005)
(0.33 -0.008 0.0005)
(0.33 -0.007 0.0005)
(0.33 -0.006 0.0005)
(0.33 -0.005 0.0005)
(0.33 -0.004 0.0005)
(0.33 -0.003 0.0005)
(0.33 -0.002 0.0005)
(0.33 -0.001 0.0005)
(0.33 8.631550336e-15 0.0005)
(0.33 0.001 0.0005)
(0.33 0.002 0.0005)
(0.33 0.003 0.0005)
(0.33 0.004 0.0005)
(0.33 0.005 0.0005)
(0.33 0.006 0.0005)
(0.33 0.007 0.0005)
(0.33 0.008 0.0005)
(0.33 0.009 0.0005)
(0.34 -0.009 0.0005)
(0.34 -0.008 0.0005)
(0.34 -0.007 0.0005)
(0.34 -0.006 0.0005)
(0.34 -0.005 0.0005)
(0.34 -0.004 0.0005)
(0.34 -0.003 0.0005)
(0.34 -0.002 0.0005)
(0.34 -0.001 0.0005)
(0.34 8.124143719e-15 0.0005)
(0.34 0.001 0.0005)
(0.34 0.002 0.0005)
(0.34 0.003 0.0005)
(0.34 0.004 0.0005)
(0.34 0.005 0.0005)
(0.34 0.006 0.0005)
(0.34 0.007 0.0005)
(0.34 0.008 0.0005)
(0.34 0.009 0.0005)
(0.35 -0.009 0.0005)
(0.35 -0.008 0.0005)
(0.35 -0.007 0.0005)
(0.35 -0.006 0.0005)
(0.35 -0.005 0.0005)
(0.35 -0.004 0.0005)
(0.35 -0.003 0.0005)
(0.35 -0.002 0.0005)
(0.35 -0.001 0.0005)
(0.35 7.616737102e-15 0.0005)
(0.35 0.001 0.0005)
(0.35 0.002 0.0005)
(0.35 0.003 0.0005)
(0.35 0.004 0.0005)
(0.35 0.005 0.0005)
(0.35 0.006 0.0005)
(0.35 0.007 0.0005)
(0.35 0.008 0.0005)
(0.35 0.009 0.0005)
(0.36 -0.009 0.0005)
(0.36 -0.008 0.0005)
(0.36 -0.007 0.0005)
(0.36 -0.006 0.0005)
(0.36 -0.005 0.0005)
(0.36 -0.004 0.0005)
(0.36 -0.003 0.0005)
(0.36 -0.002 0.0005)
(0.36 -0.001 0.0005)
(0.36 7.108029443e-15 0.0005)
(0.36 0.001 0.0005)
(0.36 0.002 0.0005)
(0.36 0.003 0.0005)
(0.36 0.004 0.0005)
(0.36 0.005 0.0005)
(0.36 0.006 0.0005)
(0.36 0.007 0.0005)
(0.36 0.008 0.0005)
(0.36 0.009 0.0005)
(0.37 -0.009 0.0005)
(0.37 -0.008 0.0005)
(0.37 -0.007 0.0005)
(0.37 -0.006 0.0005)
(0.37 -0.005 0.0005)
(0.37 -0.004 0.0005)
(0.37 -0.003 0.0005)
(0.37 -0.002 0.0005)
(0.37 -0.001 0.0005)
(0.37 6.600622826e-15 0.0005)
(0.37 0.001 0.0005)
(0.37 0.002 0.0005)
(0.37 0.003 0.0005)
(0.37 0.004 0.0005)
(0.37 0.005 0.0005)
(0.37 0.006 0.0005)
(0.37 0.007 0.0005)
(0.37 0.008 0.0005)
(0.37 0.009 0.0005)
(0.38 -0.009 0.0005)
(0.38 -0.008 0.0005)
(0.38 -0.007 0.0005)
(0.38 -0.006 0.0005)
(0.38 -0.005 0.0005)
(0.38 -0.004 0.0005)
(0.38 -0.003 0.0005)
(0.38 -0.002 0.0005)
(0.38 -0.001 0.0005)
(0.38 6.092348848e-15 0.0005)
(0.38 0.001 0.0005)
(0.38 0.002 0.0005)
(0.38 0.003 0.0005)
(0.38 0.004 0.0005)
(0.38 0.005 0.0005)
(0.38 0.006 0.0005)
(0.38 0.007 0.0005)
(0.38 0.008 0.0005)
(0.38 0.009 0.0005)
(0.39 -0.009 0.0005)
(0.39 -0.008 0.0005)
(0.39 -0.007 0.0005)
(0.39 -0.006 0.0005)
(0.39 -0.005 0.0005)
(0.39 -0.004 0.0005)
(0.39 -0.003 0.0005)
(0.39 -0.002 0.0005)
(0.39 -0.001 0.0005)
(0.39 5.585809593e-15 0.0005)
(0.39 0.001 0.0005)
(0.39 0.002 0.0005)
(0.39 0.003 0.0005)
(0.39 0.004 0.0005)
(0.39 0.005 0.0005)
(0.39 0.006 0.0005)
(0.39 0.007 0.0005)
(0.39 0.008 0.0005)
(0.39 0.009 0.0005)
(0.4 -0.009 0.0005)
(0.4 -0.008 0.0005)
(0.4 -0.007 0.0005)
(0.4 -0.006 0.0005)
(0.4 -0.005 0.0005)
(0.4 -0.004 0.0005)
(0.4 -0.003 0.0005)
(0.4 -0.002 0.0005)
(0.4 -0.001 0.0005)
(0.4 5.076668252e-15 0.0005)
(0.4 0.001 0.0005)
(0.4 0.002 0.0005)
(0.4 0.003 0.0005)
(0.4 0.004 0.0005)
(0.4 0.005 0.0005)
(0.4 0.006 0.0005)
(0.4 0.007 0.0005)
(0.4 0.008 0.0005)
(0.4 0.009 0.0005)
(0.41 -0.009 0.0005)
(0.41 -0.008 0.0005)
(0.41 -0.007 0.0005)
(0.41 -0.006 0.0005)
(0.41 -0.005 0.0005)
(0.41 -0.004 0.0005)
(0.41 -0.003 0.0005)
(0.41 -0.002 0.0005)
(0.41 -0.001 0.0005)
(0.41 4.569695317e-15 0.0005)
(0.41 0.001 0.0005)
(0.41 0.002 0.0005)
(0.41 0.003 0.0005)
(0.41 0.004 0.0005)
(0.41 0.005 0.0005)
(0.41 0.006 0.0005)
(0.41 0.007 0.0005)
(0.41 0.008 0.0005)
(0.41 0.009 0.0005)
(0.42 -0.009 0.0005)
(0.42 -0.008 0.0005)
(0.42 -0.007 0.0005)
(0.42 -0.006 0.0005)
(0.42 -0.005 0.0005)
(0.42 -0.004 0.0005)
(0.42 -0.003 0.0005)
(0.42 -0.002 0.0005)
(0.42 -0.001 0.0005)
(0.42 4.0622887e-15 0.0005)
(0.42 0.001 0.0005)
(0.42 0.002 0.0005)
(0.42 0.003 0.0005)
(0.42 0.004 0.0005)
(0.42 0.005 0.0005)
(0.42 0.006 0.0005)
(0.42 0.007 0.0005)
(0.42 0.008 0.0005)
(0.42 0.009 0.0005)
(0.43 -0.009 0.0005)
(0.43 -0.008 0.0005)
(0.43 -0.007 0.0005)
(0.43 -0.006 0.0005)
(0.43 -0.005 0.0005)
(0.43 -0.004 0.0005)
(0.43 -0.003 0.0005)
(0.43 -0.002 0.0005)
(0.43 -0.001 0.0005)
(0.43 3.554014721e-15 0.0005)
(0.43 0.001 0.0005)
(0.43 0.002 0.0005)
(0.43 0.003 0.0005)
(0.43 0.004 0.0005)
(0.43 0.005 0.0005)
(0.43 0.006 0.0005)
(0.43 0.007 0.0005)
(0.43 0.008 0.0005)
(0.43 0.009 0.0005)
(0.44 -0.009 0.0005)
(0.44 -0.008 0.0005)
(0.44 -0.007 0.0005)
(0.44 -0.006 0.0005)
(0.44 -0.005 0.0005)
(0.44 -0.004 0.0005)
(0.44 -0.003 0.0005)
(0.44 -0.002 0.0005)
(0.44 -0.001 0.0005)
(0.44 3.046608105e-15 0.0005)
(0.44 0.001 0.0005)
(0.44 0.002 0.0005)
(0.44 0.003 0.0005)
(0.44 0.004 0.0005)
(0.44 0.005 0.0005)
(0.44 0.006 0.0005)
(0.44 0.007 0.0005)
(0.44 0.008 0.0005)
(0.44 0.009 0.0005)
(0.45 -0.009 0.0005)
(0.45 -0.008 0.0005)
(0.45 -0.007 0.0005)
(0.45 -0.006 0.0005)
(0.45 -0.005 0.0005)
(0.45 -0.004 0.0005)
(0.45 -0.003 0.0005)
(0.45 -0.002 0.0005)
(0.45 -0.001 0.0005)
(0.45 2.537900445e-15 0.0005)
(0.45 0.001 0.0005)
(0.45 0.002 0.0005)
(0.45 0.003 0.0005)
(0.45 0.004 0.0005)
(0.45 0.005 0.0005)
(0.45 0.006 0.0005)
(0.45 0.007 0.0005)
(0.45 0.008 0.0005)
(0.45 0.009 0.0005)
(0.46 -0.009 0.0005)
(0.46 -0.008 0.0005)
(0.46 -0.007 0.0005)
(0.46 -0.006 0.0005)
(0.46 -0.005 0.0005)
(0.46 -0.004 0.0005)
(0.46 -0.003 0.0005)
(0.46 -0.002 0.0005)
(0.46 -0.001 0.0005)
(0.46 2.030493829e-15 0.0005)
(0.46 0.001 0.0005)
(0.46 0.002 0.0005)
(0.46 0.003 0.0005)
(0.46 0.004 0.0005)
(0.46 0.005 0.0005)
(0.46 0.006 0.0005)
(0.46 0.007 0.0005)
(0.46 0.008 0.0005)
(0.46 0.009 0.0005)
(0.47 -0.009 0.0005)
(0.47 -0.008 0.0005)
(0.47 -0.007 0.0005)
(0.47 -0.006 0.0005)
(0.47 -0.005 0.0005)
(0.47 -0.004 0.0005)
(0.47 -0.003 0.0005)
(0.47 -0.002 0.0005)
(0.47 -0.001 0.0005)
(0.47 1.522653531e-15 0.0005)
(0.47 0.001 0.0005)
(0.47 0.002 0.0005)
(0.47 0.003 0.0005)
(0.47 0.004 0.0005)
(0.47 0.005 0.0005)
(0.47 0.006 0.0005)
(0.47 0.007 0.0005)
(0.47 0.008 0.0005)
(0.47 0.009 0.0005)
(0.48 -0.009 0.0005)
(0.48 -0.008 0.0005)
(0.48 -0.007 0.0005)
(0.48 -0.006 0.0005)
(0.48 -0.005 0.0005)
(0.48 -0.004 0.0005)
(0.48 -0.003 0.0005)
(0.48 -0.002 0.0005)
(0.48 -0.001 0.0005)
(0.48 1.015246914e-15 0.0005)
(0.48 0.001 0.0005)
(0.48 0.002 0.0005)
(0.48 0.003 0.0005)
(0.48 0.004 0.0005)
(0.48 0.005 0.0005)
(0.48 0.006 0.0005)
(0.48 0.007 0.0005)
(0.48 0.008 0.0005)
(0.48 0.009 0.0005)
(0.49 -0.009 0.0005)
(0.49 -0.008 0.0005)
(0.49 -0.007 0.0005)
(0.49 -0.006 0.0005)
(0.49 -0.005 0.0005)
(0.49 -0.004 0.0005)
(0.49 -0.003 0.0005)
(0.49 -0.002 0.0005)
(0.49 -0.001 0.0005)
(0.49 5.069729359e-16 0.0005)
(0.49 0.001 0.0005)
(0.49 0.002 0.0005)
(0.49 0.003 0.0005)
(0.49 0.004 0.0005)
(0.49 0.005 0.0005)
(0.49 0.006 0.0005)
(0.49 0.007 0.0005)
(0.49 0.008 0.0005)
(0.49 0.009 0.0005)
(0.5 -0.009 0.0005)
(0.5 -0.008 0.0005)
(0.5 -0.007 0.0005)
(0.5 -0.006 0.0005)
(0.5 -0.005 0.0005)
(0.5 -0.004 0.0005)
(0.5 -0.003 0.0005)
(0.5 -0.002 0.0005)
(0.5 -0.001 0.0005)
(0.5 -4.33680869e-19 0.0005)
(0.5 0.001 0.0005)
(0.5 0.002 0.0005)
(0.5 0.003 0.0005)
(0.5 0.004 0.0005)
(0.5 0.005 0.0005)
(0.5 0.006 0.0005)
(0.5 0.007 0.0005)
(0.5 0.008 0.0005)
(0.5 0.009 0.0005)
(0.51 -0.009 0.0005)
(0.51 -0.008 0.0005)
(0.51 -0.007 0.0005)
(0.51 -0.006 0.0005)
(0.51 -0.005 0.0005)
(0.51 -0.004 0.0005)
(0.51 -0.003 0.0005)
(0.51 -0.002 0.0005)
(0.51 -0.001 0.0005)
(0.51 -5.074066167e-16 0.0005)
(0.51 0.001 0.0005)
(0.51 0.002 0.0005)
(0.51 0.003 0.0005)
(0.51 0.004 0.0005)
(0.51 0.005 0.0005)
(0.51 0.006 0.0005)
(0.51 0.007 0.0005)
(0.51 0.008 0.0005)
(0.51 0.009 0.0005)
(0.52 -0.009 0.0005)
(0.52 -0.008 0.0005)
(0.52 -0.007 0.0005)
(0.52 -0.006 0.0005)
(0.52 -0.005 0.0005)
(0.52 -0.004 0.0005)
(0.52 -0.003 0.0005)
(0.52 -0.002 0.0005)
(0.52 -0.001 0.0005)
(0.52 -1.016547957e-15 0.0005)
(0.52 0.001 0.0005)
(0.52 0.002 0.0005)
(0.52 0.003 0.0005)
(0.52 0.004 0.0005)
(0.52 0.005 0.0005)
(0.52 0.006 0.0005)
(0.52 0.007 0.0005)
(0.52 0.008 0.0005)
(0.52 0.009 0.0005)
(0.53 -0.009 0.0005)
(0.53 -0.008 0.0005)
(0.53 -0.007 0.0005)
(0.53 -0.006 0.0005)
(0.53 -0.005 0.0005)
(0.53 -0.004 0.0005)
(0.53 -0.003 0.0005)
(0.53 -0.002 0.0005)
(0.53 -0.001 0.0005)
(0.53 -1.522653531e-15 0.0005)
(0.53 0.001 0.0005)
(0.53 0.002 0.0005)
(0.53 0.003 0.0005)
(0.53 0.004 0.0005)
(0.53 0.005 0.0005)
(0.53 0.006 0.0005)
(0.53 0.007 0.0005)
(0.53 0.008 0.0005)
(0.53 0.009 0.0005)
(0.54 -0.009 0.0005)
(0.54 -0.008 0.0005)
(0.54 -0.007 0.0005)
(0.54 -0.006 0.0005)
(0.54 -0.005 0.0005)
(0.54 -0.004 0.0005)
(0.54 -0.003 0.0005)
(0.54 -0.002 0.0005)
(0.54 -0.001 0.0005)
(0.54 -2.03136119e-15 0.0005)
(0.54 0.001 0.0005)
(0.54 0.002 0.0005)
(0.54 0.003 0.0005)
(0.54 0.004 0.0005)
(0.54 0.005 0.0005)
(0.54 0.006 0.0005)
(0.54 0.007 0.0005)
(0.54 0.008 0.0005)
(0.54 0.009 0.0005)
(0.55 -0.009 0.0005)
(0.55 -0.008 0.0005)
(0.55 -0.007 0.0005)
(0.55 -0.006 0.0005)
(0.55 -0.005 0.0005)
(0.55 -0.004 0.0005)
(0.55 -0.003 0.0005)
(0.55 -0.002 0.0005)
(0.55 -0.001 0.0005)
(0.55 -2.539201488e-15 0.0005)
(0.55 0.001 0.0005)
(0.55 0.002 0.0005)
(0.55 0.003 0.0005)
(0.55 0.004 0.0005)
(0.55 0.005 0.0005)
(0.55 0.006 0.0005)
(0.55 0.007 0.0005)
(0.55 0.008 0.0005)
(0.55 0.009 0.0005)
(0.56 -0.009 0.0005)
(0.56 -0.008 0.0005)
(0.56 -0.007 0.0005)
(0.56 -0.006 0.0005)
(0.56 -0.005 0.0005)
(0.56 -0.004 0.0005)
(0.56 -0.003 0.0005)
(0.56 -0.002 0.0005)
(0.56 -0.001 0.0005)
(0.56 -3.047475466e-15 0.0005)
(0.56 0.001 0.0005)
(0.56 0.002 0.0005)
(0.56 0.003 0.0005)
(0.56 0.004 0.0005)
(0.56 0.005 0.0005)
(0.56 0.006 0.0005)
(0.56 0.007 0.0005)
(0.56 0.008 0.0005)
(0.56 0.009 0.0005)
(0.57 -0.009 0.0005)
(0.57 -0.008 0.0005)
(0.57 -0.007 0.0005)
(0.57 -0.006 0.0005)
(0.57 -0.005 0.0005)
(0.57 -0.004 0.0005)
(0.57 -0.003 0.0005)
(0.57 -0.002 0.0005)
(0.57 -0.001 0.0005)
(0.57 -3.555315764e-15 0.0005)
(0.57 0.001 0.0005)
(0.57 0.002 0.0005)
(0.57 0.003 0.0005)
(0.57 0.004 0.0005)
(0.57 0.005 0.0005)
(0.57 0.006 0.0005)
(0.57 0.007 0.0005)
(0.57 0.008 0.0005)
(0.57 0.009 0.0005)
(0.58 -0.009 0.0005)
(0.58 -0.008 0.0005)
(0.58 -0.007 0.0005)
(0.58 -0.006 0.0005)
(0.58 -0.005 0.0005)
(0.58 -0.004 0.0005)
(0.58 -0.003 0.0005)
(0.58 -0.002 0.0005)
(0.58 -0.001 0.0005)
(0.58 -4.063589742e-15 0.0005)
(0.58 0.001 0.0005)
(0.58 0.002 0.0005)
(0.58 0.003 0.0005)
(0.58 0.004 0.0005)
(0.58 0.005 0.0005)
(0.58 0.006 0.0005)
(0.58 0.007 0.0005)
(0.58 0.008 0.0005)
(0.58 0.009 0.0005)
(0.59 -0.009 0.0005)
(0.59 -0.008 0.0005)
(0.59 -0.007 0.0005)
(0.59 -0.006 0.0005)
(0.59 -0.005 0.0005)
(0.59 -0.004 0.0005)
(0.59 -0.003 0.0005)
(0.59 -0.002 0.0005)
(0.59 -0.001 0.0005)
(0.59 -4.569695317e-15 0.0005)
(0.59 0.001 0.0005)
(0.59 0.002 0.0005)
(0.59 0.003 0.0005)
(0.59 0.004 0.0005)
(0.59 0.005 0.0005)
(0.59 0.006 0.0005)
(0.59 0.007 0.0005)
(0.59 0.008 0.0005)
(0.59 0.009 0.0005)
(0.6 -0.009 0.0005)
(0.6 -0.008 0.0005)
(0.6 -0.007 0.0005)
(0.6 -0.006 0.0005)
(0.6 -0.005 0.0005)
(0.6 -0.004 0.0005)
(0.6 -0.003 0.0005)
(0.6 -0.002 0.0005)
(0.6 -0.001 0.0005)
(0.6 -5.078402976e-15 0.0005)
(0.6 0.001 0.0005)
(0.6 0.002 0.0005)
(0.6 0.003 0.0005)
(0.6 0.004 0.0005)
(0.6 0.005 0.0005)
(0.6 0.006 0.0005)
(0.6 0.007 0.0005)
(0.6 0.008 0.0005)
(0.6 0.009 0.0005)
(0.61 -0.009 0.0005)
(0.61 -0.008 0.0005)
(0.61 -0.007 0.0005)
(0.61 -0.006 0.0005)
(0.61 -0.005 0.0005)
(0.61 -0.004 0.0005)
(0.61 -0.003 0.0005)
(0.61 -0.002 0.0005)
(0.61 -0.001 0.0005)
(0.61 -5.586460114e-15 0.0005)
(0.61 0.001 0.0005)
(0.61 0.002 0.0005)
(0.61 0.003 0.0005)
(0.61 0.004 0.0005)
(0.61 0.005 0.0005)
(0.61 0.006 0.0005)
(0.61 0.007 0.0005)
(0.61 0.008 0.0005)
(0.61 0.009 0.0005)
(0.62 -0.009 0.0005)
(0.62 -0.008 0.0005)
(0.62 -0.007 0.0005)
(0.62 -0.006 0.0005)
(0.62 -0.005 0.0005)
(0.62 -0.004 0.0005)
(0.62 -0.003 0.0005)
(0.62 -0.002 0.0005)
(0.62 -0.001 0.0005)
(0.62 -6.093866731e-15 0.0005)
(0.62 0.001 0.0005)
(0.62 0.002 0.0005)
(0.62 0.003 0.0005)
(0.62 0.004 0.0005)
(0.62 0.005 0.0005)
(0.62 0.006 0.0005)
(0.62 0.007 0.0005)
(0.62 0.008 0.0005)
(0.62 0.009 0.0005)
(0.63 -0.009 0.0005)
(0.63 -0.008 0.0005)
(0.63 -0.007 0.0005)
(0.63 -0.006 0.0005)
(0.63 -0.005 0.0005)
(0.63 -0.004 0.0005)
(0.63 -0.003 0.0005)
(0.63 -0.002 0.0005)
(0.63 -0.001 0.0005)
(0.63 -6.60257439e-15 0.0005)
(0.63 0.001 0.0005)
(0.63 0.002 0.0005)
(0.63 0.003 0.0005)
(0.63 0.004 0.0005)
(0.63 0.005 0.0005)
(0.63 0.006 0.0005)
(0.63 0.007 0.0005)
(0.63 0.008 0.0005)
(0.63 0.009 0.0005)
(0.64 -0.009 0.0005)
(0.64 -0.008 0.0005)
(0.64 -0.007 0.0005)
(0.64 -0.006 0.0005)
(0.64 -0.005 0.0005)
(0.64 -0.004 0.0005)
(0.64 -0.003 0.0005)
(0.64 -0.002 0.0005)
(0.64 -0.001 0.0005)
(0.64 -7.108679964e-15 0.0005)
(0.64 0.001 0.0005)
(0.64 0.002 0.0005)
(0.64 0.003 0.0005)
(0.64 0.004 0.0005)
(0.64 0.005 0.0005)
(0.64 0.006 0.0005)
(0.64 0.007 0.0005)
(0.64 0.008 0.0005)
(0.64 0.009 0.0005)
(0.65 -0.009 0.0005)
(0.65 -0.008 0.0005)
(0.65 -0.007 0.0005)
(0.65 -0.006 0.0005)
(0.65 -0.005 0.0005)
(0.65 -0.004 0.0005)
(0.65 -0.003 0.0005)
(0.65 -0.002 0.0005)
(0.65 -0.001 0.0005)
(0.65 -7.617821304e-15 0.0005)
(0.65 0.001 0.0005)
(0.65 0.002 0.0005)
(0.65 0.003 0.0005)
(0.65 0.004 0.0005)
(0.65 0.005 0.0005)
(0.65 0.006 0.0005)
(0.65 0.007 0.0005)
(0.65 0.008 0.0005)
(0.65 0.009 0.0005)
(0.66 -0.009 0.0005)
(0.66 -0.008 0.0005)
(0.66 -0.007 0.0005)
(0.66 -0.006 0.0005)
(0.66 -0.005 0.0005)
(0.66 -0.004 0.0005)
(0.66 -0.003 0.0005)
(0.66 -0.002 0.0005)
(0.66 -0.001 0.0005)
(0.66 -8.123926878e-15 0.0005)
(0.66 0.001 0.0005)
(0.66 0.002 0.0005)
(0.66 0.003 0.0005)
(0.66 0.004 0.0005)
(0.66 0.005 0.0005)
(0.66 0.006 0.0005)
(0.66 0.007 0.0005)
(0.66 0.008 0.0005)
(0.66 0.009 0.0005)
(0.67 -0.009 0.0005)
(0.67 -0.008 0.0005)
(0.67 -0.007 0.0005)
(0.67 -0.006 0.0005)
(0.67 -0.005 0.0005)
(0.67 -0.004 0.0005)
(0.67 -0.003 0.0005)
(0.67 -0.002 0.0005)
(0.67 -0.001 0.0005)
(0.67 -8.631984016e-15 0.0005)
(0.67 0.001 0.0005)
(0.67 0.002 0.0005)
(0.67 0.003 0.0005)
(0.67 0.004 0.0005)
(0.67 0.005 0.0005)
(0.67 0.006 0.0005)
(0.67 0.007 0.0005)
(0.67 0.008 0.0005)
(0.67 0.009 0.0005)
(0.68 -0.009 0.0005)
(0.68 -0.008 0.0005)
(0.68 -0.007 0.0005)
(0.68 -0.006 0.0005)
(0.68 -0.005 0.0005)
(0.68 -0.004 0.0005)
(0.68 -0.003 0.0005)
(0.68 -0.002 0.0005)
(0.68 -0.001 0.0005)
(0.68 -9.140908516e-15 0.0005)
(0.68 0.001 0.0005)
(0.68 0.002 0.0005)
(0.68 0.003 0.0005)
(0.68 0.004 0.0005)
(0.68 0.005 0.0005)
(0.68 0.006 0.0005)
(0.68 0.007 0.0005)
(0.68 0.008 0.0005)
(0.68 0.009 0.0005)
(0.69 -0.009 0.0005)
(0.69 -0.008 0.0005)
(0.69 -0.007 0.0005)
(0.69 -0.006 0.0005)
(0.69 -0.005 0.0005)
(0.69 -0.004 0.0005)
(0.69 -0.003 0.0005)
(0.69 -0.002 0.0005)
(0.69 -0.001 0.0005)
(0.69 -9.647881452e-15 0.0005)
(0.69 0.001 0.0005)
(0.69 0.002 0.0005)
(0.69 0.003 0.0005)
(0.69 0.004 0.0005)
(0.69 0.005 0.0005)
(0.69 0.006 0.0005)
(0.69 0.007 0.0005)
(0.69 0.008 0.0005)
(0.69 0.009 0.0005)
(0.7 -0.009 0.0005)
(0.7 -0.008 0.0005)
(0.7 -0.007 0.0005)
(0.7 -0.006 0.0005)
(0.7 -0.005 0.0005)
(0.7 -0.004 0.0005)
(0.7 -0.003 0.0005)
(0.7 -0.002 0.0005)
(0.7 -0.001 0.0005)
(0.7 -1.015615543e-14 0.0005)
(0.7 0.001 0.0005)
(0.7 0.002 0.0005)
(0.7 0.003 0.0005)
(0.7 0.004 0.0005)
(0.7 0.005 0.0005)
(0.7 0.006 0.0005)
(0.7 0.007 0.0005)
(0.7 0.008 0.0005)
(0.7 0.009 0.0005)
(0.71 -0.009 0.0005)
(0.71 -0.008 0.0005)
(0.71 -0.007 0.0005)
(0.71 -0.006 0.0005)
(0.71 -0.005 0.0005)
(0.71 -0.004 0.0005)
(0.71 -0.003 0.0005)
(0.71 -0.002 0.0005)
(0.71 -0.001 0.0005)
(0.71 -1.066399573e-14 0.0005)
(0.71 0.001 0.0005)
(0.71 0.002 0.0005)
(0.71 0.003 0.0005)
(0.71 0.004 0.0005)
(0.71 0.005 0.0005)
(0.71 0.006 0.0005)
(0.71 0.007 0.0005)
(0.71 0.008 0.0005)
(0.71 0.009 0.0005)
(0.72 -0.009 0.0005)
(0.72 -0.008 0.0005)
(0.72 -0.007 0.0005)
(0.72 -0.006 0.0005)
(0.72 -0.005 0.0005)
(0.72 -0.004 0.0005)
(0.72 -0.003 0.0005)
(0.72 -0.002 0.0005)
(0.72 -0.001 0.0005)
(0.72 -1.11711855e-14 0.0005)
(0.72 0.001 0.0005)
(0.72 0.002 0.0005)
(0.72 0.003 0.0005)
(0.72 0.004 0.0005)
(0.72 0.005 0.0005)
(0.72 0.006 0.0005)
(0.72 0.007 0.0005)
(0.72 0.008 0.0005)
(0.72 0.009 0.0005)
(0.73 -0.009 0.0005)
(0.73 -0.008 0.0005)
(0.73 -0.007 0.0005)
(0.73 -0.006 0.0005)
(0.73 -0.005 0.0005)
(0.73 -0.004 0.0005)
(0.73 -0.003 0.0005)
(0.73 -0.002 0.0005)
(0.73 -0.001 0.0005)
(0.73 -1.167924264e-14 0.0005)
(0.73 0.001 0.0005)
(0.73 0.002 0.0005)
(0.73 0.003 0.0005)
(0.73 0.004 0.0005)
(0.73 0.005 0.0005)
(0.73 0.006 0.0005)
(0.73 0.007 0.0005)
(0.73 0.008 0.0005)
(0.73 0.009 0.0005)
(0.74 -0.009 0.0005)
(0.74 -0.008 0.0005)
(0.74 -0.007 0.0005)
(0.74 -0.006 0.0005)
(0.74 -0.005 0.0005)
(0.74 -0.004 0.0005)
(0.74 -0.003 0.0005)
(0.74 -0.002 0.0005)
(0.74 -0.001 0.0005)
(0.74 -1.218816714e-14 0.0005)
(0.74 0.001 0.0005)
(0.74 0.002 0.0005)
(0.74 0.003 0.0005)
(0.74 0.004 0.0005)
(0.74 0.005 0.0005)
(0.74 0.006 0.0005)
(0.74 0.007 0.0005)
(0.74 0.008 0.0005)
(0.74 0.009 0.0005)
(0.75 -0.009 0.0005)
(0.75 -0.008 0.0005)
(0.75 -0.007 0.0005)
(0.75 -0.006 0.0005)
(0.75 -0.005 0.0005)
(0.75 -0.004 0.0005)
(0.75 -0.003 0.0005)
(0.75 -0.002 0.0005)
(0.75 -0.001 0.0005)
(0.75 -1.269448956e-14 0.0005)
(0.75 0.001 0.0005)
(0.75 0.002 0.0005)
(0.75 0.003 0.0005)
(0.75 0.004 0.0005)
(0.75 0.005 0.0005)
(0.75 0.006 0.0005)
(0.75 0.007 0.0005)
(0.75 0.008 0.0005)
(0.75 0.009 0.0005)
(0.76 -0.009 0.0005)
(0.76 -0.008 0.0005)
(0.76 -0.007 0.0005)
(0.76 -0.006 0.0005)
(0.76 -0.005 0.0005)
(0.76 -0.004 0.0005)
(0.76 -0.003 0.0005)
(0.76 -0.002 0.0005)
(0.76 -0.001 0.0005)
(0.76 -1.320298038e-14 0.0005)
(0.76 0.001 0.0005)
(0.76 0.002 0.0005)
(0.76 0.003 0.0005)
(0.76 0.004 0.0005)
(0.76 0.005 0.0005)
(0.76 0.006 0.0005)
(0.76 0.007 0.0005)
(0.76 0.008 0.0005)
(0.76 0.009 0.0005)
(0.77 -0.009 0.0005)
(0.77 -0.008 0.0005)
(0.77 -0.007 0.0005)
(0.77 -0.006 0.0005)
(0.77 -0.005 0.0005)
(0.77 -0.004 0.0005)
(0.77 -0.003 0.0005)
(0.77 -0.002 0.0005)
(0.77 -0.001 0.0005)
(0.77 -1.371103751e-14 0.0005)
(0.77 0.001 0.0005)
(0.77 0.002 0.0005)
(0.77 0.003 0.0005)
(0.77 0.004 0.0005)
(0.77 0.005 0.0005)
(0.77 0.006 0.0005)
(0.77 0.007 0.0005)
(0.77 0.008 0.0005)
(0.77 0.009 0.0005)
(0.78 -0.009 0.0005)
(0.78 -0.008 0.0005)
(0.78 -0.007 0.0005)
(0.78 -0.006 0.0005)
(0.78 -0.005 0.0005)
(0.78 -0.004 0.0005)
(0.78 -0.003 0.0005)
(0.78 -0.002 0.0005)
(0.78 -0.001 0.0005)
(0.78 -1.421757677e-14 0.0005)
(0.78 0.001 0.0005)
(0.78 0.002 0.0005)
(0.78 0.003 0.0005)
(0.78 0.004 0.0005)
(0.78 0.005 0.0005)
(0.78 0.006 0.0005)
(0.78 0.007 0.0005)
(0.78 0.008 0.0005)
(0.78 0.009 0.0005)
(0.79 -0.009 0.0005)
(0.79 -0.008 0.0005)
(0.79 -0.007 0.0005)
(0.79 -0.006 0.0005)
(0.79 -0.005 0.0005)
(0.79 -0.004 0.0005)
(0.79 -0.003 0.0005)
(0.79 -0.002 0.0005)
(0.79 -0.001 0.0005)
(0.79 -1.472628443e-14 0.0005)
(0.79 0.001 0.0005)
(0.79 0.002 0.0005)
(0.79 0.003 0.0005)
(0.79 0.004 0.0005)
(0.79 0.005 0.0005)
(0.79 0.006 0.0005)
(0.79 0.007 0.0005)
(0.79 0.008 0.0005)
(0.79 0.009 0.0005)
(0.8 -0.009 0.0005)
(0.8 -0.008 0.0005)
(0.8 -0.007 0.0005)
(0.8 -0.006 0.0005)
(0.8 -0.005 0.0005)
(0.8 -0.004 0.0005)
(0.8 -0.003 0.0005)
(0.8 -0.002 0.0005)
(0.8 -0.001 0.0005)
(0.8 -1.523477525e-14 0.0005)
(0.8 0.001 0.0005)
(0.8 0.002 0.0005)
(0.8 0.003 0.0005)
(0.8 0.004 0.0005)
(0.8 0.005 0.0005)
(0.8 0.006 0.0005)
(0.8 0.007 0.0005)
(0.8 0.008 0.0005)
(0.8 0.009 0.0005)
(0.81 -0.009 0.0005)
(0.81 -0.008 0.0005)
(0.81 -0.007 0.0005)
(0.81 -0.006 0.0005)
(0.81 -0.005 0.0005)
(0.81 -0.004 0.0005)
(0.81 -0.003 0.0005)
(0.81 -0.002 0.0005)
(0.81 -0.001 0.0005)
(0.81 -1.57418566e-14 0.0005)
(0.81 0.001 0.0005)
(0.81 0.002 0.0005)
(0.81 0.003 0.0005)
(0.81 0.004 0.0005)
(0.81 0.005 0.0005)
(0.81 0.006 0.0005)
(0.81 0.007 0.0005)
(0.81 0.008 0.0005)
(0.81 0.009 0.0005)
(0.82 -0.009 0.0005)
(0.82 -0.008 0.0005)
(0.82 -0.007 0.0005)
(0.82 -0.006 0.0005)
(0.82 -0.005 0.0005)
(0.82 -0.004 0.0005)
(0.82 -0.003 0.0005)
(0.82 -0.002 0.0005)
(0.82 -0.001 0.0005)
(0.82 -1.624882954e-14 0.0005)
(0.82 0.001 0.0005)
(0.82 0.002 0.0005)
(0.82 0.003 0.0005)
(0.82 0.004 0.0005)
(0.82 0.005 0.0005)
(0.82 0.006 0.0005)
(0.82 0.007 0.0005)
(0.82 0.008 0.0005)
(0.82 0.009 0.0005)
(0.83 -0.009 0.0005)
(0.83 -0.008 0.0005)
(0.83 -0.007 0.0005)
(0.83 -0.006 0.0005)
(0.83 -0.005 0.0005)
(0.83 -0.004 0.0005)
(0.83 -0.003 0.0005)
(0.83 -0.002 0.0005)
(0.83 -0.001 0.0005)
(0.83 -1.67586214e-14 0.0005)
(0.83 0.001 0.0005)
(0.83 0.002 0.0005)
(0.83 0.003 0.0005)
(0.83 0.004 0.0005)
(0.83 0.005 0.0005)
(0.83 0.006 0.0005)
(0.83 0.007 0.0005)
(0.83 0.008 0.0005)
(0.83 0.009 0.0005)
(0.84 -0.009 0.0005)
(0.84 -0.008 0.0005)
(0.84 -0.007 0.0005)
(0.84 -0.006 0.0005)
(0.84 -0.005 0.0005)
(0.84 -0.004 0.0005)
(0.84 -0.003 0.0005)
(0.84 -0.002 0.0005)
(0.84 -0.001 0.0005)
(0.84 -1.72653775e-14 0.0005)
(0.84 0.001 0.0005)
(0.84 0.002 0.0005)
(0.84 0.003 0.0005)
(0.84 0.004 0.0005)
(0.84 0.005 0.0005)
(0.84 0.006 0.0005)
(0.84 0.007 0.0005)
(0.84 0.008 0.0005)
(0.84 0.009 0.0005)
(0.85 -0.009 0.0005)
(0.85 -0.008 0.0005)
(0.85 -0.007 0.0005)
(0.85 -0.006 0.0005)
(0.85 -0.005 0.0005)
(0.85 -0.004 0.0005)
(0.85 -0.003 0.0005)
(0.85 -0.002 0.0005)
(0.85 -0.001 0.0005)
(0.85 -1.777169991e-14 0.0005)
(0.85 0.001 0.0005)
(0.85 0.002 0.0005)
(0.85 0.003 0.0005)
(0.85 0.004 0.0005)
(0.85 0.005 0.0005)
(0.85 0.006 0.0005)
(0.85 0.007 0.0005)
(0.85 0.008 0.0005)
(0.85 0.009 0.0005)
(0.86 -0.009 0.0005)
(0.86 -0.008 0.0005)
(0.86 -0.007 0.0005)
(0.86 -0.006 0.0005)
(0.86 -0.005 0.0005)
(0.86 -0.004 0.0005)
(0.86 -0.003 0.0005)
(0.86 -0.002 0.0005)
(0.86 -0.001 0.0005)
(0.86 -1.828094967e-14 0.0005)
(0.86 0.001 0.0005)
(0.86 0.002 0.0005)
(0.86 0.003 0.0005)
(0.86 0.004 0.0005)
(0.86 0.005 0.0005)
(0.86 0.006 0.0005)
(0.86 0.007 0.0005)
(0.86 0.008 0.0005)
(0.86 0.009 0.0005)
(0.87 -0.009 0.0005)
(0.87 -0.008 0.0005)
(0.87 -0.007 0.0005)
(0.87 -0.006 0.0005)
(0.87 -0.005 0.0005)
(0.87 -0.004 0.0005)
(0.87 -0.003 0.0005)
(0.87 -0.002 0.0005)
(0.87 -0.001 0.0005)
(0.87 -1.878868155e-14 0.0005)
(0.87 0.001 0.0005)
(0.87 0.002 0.0005)
(0.87 0.003 0.0005)
(0.87 0.004 0.0005)
(0.87 0.005 0.0005)
(0.87 0.006 0.0005)
(0.87 0.007 0.0005)
(0.87 0.008 0.0005)
(0.87 0.009 0.0005)
(0.88 -0.009 0.0005)
(0.88 -0.008 0.0005)
(0.88 -0.007 0.0005)
(0.88 -0.006 0.0005)
(0.88 -0.005 0.0005)
(0.88 -0.004 0.0005)
(0.88 -0.003 0.0005)
(0.88 -0.002 0.0005)
(0.88 -0.001 0.0005)
(0.88 -1.92957629e-14 0.0005)
(0.88 0.001 0.0005)
(0.88 0.002 0.0005)
(0.88 0.003 0.0005)
(0.88 0.004 0.0005)
(0.88 0.005 0.0005)
(0.88 0.006 0.0005)
(0.88 0.007 0.0005)
(0.88 0.008 0.0005)
(0.88 0.009 0.0005)
(0.89 -0.009 0.0005)
(0.89 -0.008 0.0005)
(0.89 -0.007 0.0005)
(0.89 -0.006 0.0005)
(0.89 -0.005 0.0005)
(0.89 -0.004 0.0005)
(0.89 -0.003 0.0005)
(0.89 -0.002 0.0005)
(0.89 -0.001 0.0005)
(0.89 -1.980338636e-14 0.0005)
(0.89 0.001 0.0005)
(0.89 0.002 0.0005)
(0.89 0.003 0.0005)
(0.89 0.004 0.0005)
(0.89 0.005 0.0005)
(0.89 0.006 0.0005)
(0.89 0.007 0.0005)
(0.89 0.008 0.0005)
(0.89 0.009 0.0005)
(0.9 -0.009 0.0005)
(0.9 -0.008 0.0005)
(0.9 -0.007 0.0005)
(0.9 -0.006 0.0005)
(0.9 -0.005 0.0005)
(0.9 -0.004 0.0005)
(0.9 -0.003 0.0005)
(0.9 -0.002 0.0005)
(0.9 -0.001 0.0005)
(0.9 -2.03130698e-14 0.0005)
(0.9 0.001 0.0005)
(0.9 0.002 0.0005)
(0.9 0.003 0.0005)
(0.9 0.004 0.0005)
(0.9 0.005 0.0005)
(0.9 0.006 0.0005)
(0.9 0.007 0.0005)
(0.9 0.008 0.0005)
(0.9 0.009 0.0005)
(0.91 -0.009 0.0005)
(0.91 -0.008 0.0005)
(0.91 -0.007 0.0005)
(0.91 -0.006 0.0005)
(0.91 -0.005 0.0005)
(0.91 -0.004 0.0005)
(0.91 -0.003 0.0005)
(0.91 -0.002 0.0005)
(0.91 -0.001 0.0005)
(0.91 -2.08198259e-14 0.0005)
(0.91 0.001 0.0005)
(0.91 0.002 0.0005)
(0.91 0.003 0.0005)
(0.91 0.004 0.0005)
(0.91 0.005 0.0005)
(0.91 0.006 0.0005)
(0.91 0.007 0.0005)
(0.91 0.008 0.0005)
(0.91 0.009 0.0005)
(0.92 -0.009 0.0005)
(0.92 -0.008 0.0005)
(0.92 -0.007 0.0005)
(0.92 -0.006 0.0005)
(0.92 -0.005 0.0005)
(0.92 -0.004 0.0005)
(0.92 -0.003 0.0005)
(0.92 -0.002 0.0005)
(0.92 -0.001 0.0005)
(0.92 -2.132669041e-14 0.0005)
(0.92 0.001 0.0005)
(0.92 0.002 0.0005)
(0.92 0.003 0.0005)
(0.92 0.004 0.0005)
(0.92 0.005 0.0005)
(0.92 0.006 0.0005)
(0.92 0.007 0.0005)
(0.92 0.008 0.0005)
(0.92 0.009 0.0005)
(0.93 -0.009 0.0005)
(0.93 -0.008 0.0005)
(0.93 -0.007 0.0005)
(0.93 -0.006 0.0005)
(0.93 -0.005 0.0005)
(0.93 -0.004 0.0005)
(0.93 -0.003 0.0005)
(0.93 -0.002 0.0005)
(0.93 -0.001 0.0005)
(0.93 -2.183458492e-14 0.0005)
(0.93 0.001 0.0005)
(0.93 0.002 0.0005)
(0.93 0.003 0.0005)
(0.93 0.004 0.0005)
(0.93 0.005 0.0005)
(0.93 0.006 0.0005)
(0.93 0.007 0.0005)
(0.93 0.008 0.0005)
(0.93 0.009 0.0005)
(0.94 -0.009 0.0005)
(0.94 -0.008 0.0005)
(0.94 -0.007 0.0005)
(0.94 -0.006 0.0005)
(0.94 -0.005 0.0005)
(0.94 -0.004 0.0005)
(0.94 -0.003 0.0005)
(0.94 -0.002 0.0005)
(0.94 -0.001 0.0005)
(0.94 -2.234345521e-14 0.0005)
(0.94 0.001 0.0005)
(0.94 0.002 0.0005)
(0.94 0.003 0.0005)
(0.94 0.004 0.0005)
(0.94 0.005 0.0005)
(0.94 0.006 0.0005)
(0.94 0.007 0.0005)
(0.94 0.008 0.0005)
(0.94 0.009 0.0005)
(0.95 -0.009 0.0005)
(0.95 -0.008 0.0005)
(0.95 -0.007 0.0005)
(0.95 -0.006 0.0005)
(0.95 -0.005 0.0005)
(0.95 -0.004 0.0005)
(0.95 -0.003 0.0005)
(0.95 -0.002 0.0005)
(0.95 -0.001 0.0005)
(0.95 -2.285140393e-14 0.0005)
(0.95 0.001 0.0005)
(0.95 0.002 0.0005)
(0.95 0.003 0.0005)
(0.95 0.004 0.0005)
(0.95 0.005 0.0005)
(0.95 0.006 0.0005)
(0.95 0.007 0.0005)
(0.95 0.008 0.0005)
(0.95 0.009 0.0005)
(0.96 -0.009 0.0005)
(0.96 -0.008 0.0005)
(0.96 -0.007 0.0005)
(0.96 -0.006 0.0005)
(0.96 -0.005 0.0005)
(0.96 -0.004 0.0005)
(0.96 -0.003 0.0005)
(0.96 -0.002 0.0005)
(0.96 -0.001 0.0005)
(0.96 -2.335905449e-14 0.0005)
(0.96 0.001 0.0005)
(0.96 0.002 0.0005)
(0.96 0.003 0.0005)
(0.96 0.004 0.0005)
(0.96 0.005 0.0005)
(0.96 0.006 0.0005)
(0.96 0.007 0.0005)
(0.96 0.008 0.0005)
(0.96 0.009 0.0005)
(0.97 -0.009 0.0005)
(0.97 -0.008 0.0005)
(0.97 -0.007 0.0005)
(0.97 -0.006 0.0005)
(0.97 -0.005 0.0005)
(0.97 -0.004 0.0005)
(0.97 -0.003 0.0005)
(0.97 -0.002 0.0005)
(0.97 -0.001 0.0005)
(0.97 -2.386583769e-14 0.0005)
(0.97 0.001 0.0005)
(0.97 0.002 0.0005)
(0.97 0.003 0.0005)
(0.97 0.004 0.0005)
(0.97 0.005 0.0005)
(0.97 0.006 0.0005)
(0.97 0.007 0.0005)
(0.97 0.008 0.0005)
(0.97 0.009 0.0005)
(0.98 -0.009 0.0005)
(0.98 -0.008 0.0005)
(0.98 -0.007 0.0005)
(0.98 -0.006 0.0005)
(0.98 -0.005 0.0005)
(0.98 -0.004 0.0005)
(0.98 -0.003 0.0005)
(0.98 -0.002 0.0005)
(0.98 -0.001 0.0005)
(0.98 -2.437379996e-14 0.0005)
(0.98 0.001 0.0005)
(0.98 0.002 0.0005)
(0.98 0.003 0.0005)
(0.98 0.004 0.0005)
(0.98 0.005 0.0005)
(0.98 0.006 0.0005)
(0.98 0.007 0.0005)
(0.98 0.008 0.0005)
(0.98 0.009 0.0005)
(0.99 -0.009 0.0005)
(0.99 -0.008 0.0005)
(0.99 -0.007 0.0005)
(0.99 -0.006 0.0005)
(0.99 -0.005 0.0005)
(0.99 -0.004 0.0005)
(0.99 -0.003 0.0005)
(0.99 -0.002 0.0005)
(0.99 -0.001 0.0005)
(0.99 -2.488318525e-14 0.0005)
(0.99 0.001 0.0005)
(0.99 0.002 0.0005)
(0.99 0.003 0.0005)
(0.99 0.004 0.0005)
(0.99 0.005 0.0005)
(0.99 0.006 0.0005)
(0.99 0.007 0.0005)
(0.99 0.008 0.0005)
(0.99 0.009 0.0005)
)


// ************************************************************************* //
