/*--------------------------------*- C++ -*----------------------------------*\
  =========                 |
  \\      /  F ield         | OpenFOAM: The Open Source CFD Toolbox
   \\    /   O peration     | Website:  https://openfoam.org
    \\  /    A nd           | Version:  13
     \\/     M anipulation  |
\*---------------------------------------------------------------------------*/
FoamFile
{
    format      ascii;
    class       volVectorField;
    location    "0";
    object      U;
}
// * * * * * * * * * * * * * * * * * * * * * * * * * * * * * * * * * * * * * //

dimensions      [0 1 -1 0 0 0 0];

internalField   uniform (0.02 0 0);

boundaryField
{
    inlet
    {
        type            fixedValue;
        value           nonuniform List<vector>
192
(
(0.03862011992 0 0)
(0.03862011992 0 0)
(0.03862011992 0 0)
(0.03862011992 0 0)
(0.03862011992 0 0)
(0.03862011992 0 0)
(0.03862011992 0 0)
(0.03862011992 0 0)
(0.03862011992 0 0)
(0.03862011992 0 0)
(0.03862011992 0 0)
(0.03862011992 0 0)
(0.03862011992 0 0)
(0.03862011992 0 0)
(0.03862011992 0 0)
(0.03862011992 0 0)
(0.03862011992 0 0)
(0.03862011992 0 0)
(0.03862011992 0 0)
(0.03862011992 0 0)
(0.03862011992 0 0)
(0.03862011992 0 0)
(0.03862011992 0 0)
(0.03862011992 0 0)
(0.03862011992 0 0)
(0.03862011992 0 0)
(0.03862011992 0 0)
(0.03862011992 0 0)
(0.03862011992 0 0)
(0.03862011992 0 0)
(0.03862011992 0 0)
(0.03862011992 0 0)
(0.03667801693 0 0)
(0.03667801693 0 0)
(0.03667801693 0 0)
(0.03667801693 0 0)
(0.03667801693 0 0)
(0.03667801693 0 0)
(0.03667801693 0 0)
(0.03667801693 0 0)
(0.03667801693 0 0)
(0.03667801693 0 0)
(0.03667801693 0 0)
(0.03667801693 0 0)
(0.03667801693 0 0)
(0.03667801693 0 0)
(0.03667801693 0 0)
(0.03667801693 0 0)
(0.03667801693 0 0)
(0.03667801693 0 0)
(0.03667801693 0 0)
(0.03667801693 0 0)
(0.03667801693 0 0)
(0.03667801693 0 0)
(0.03667801693 0 0)
(0.03667801693 0 0)
(0.03667801693 0 0)
(0.03667801693 0 0)
(0.03667801693 0 0)
(0.03667801693 0 0)
(0.03667801693 0 0)
(0.03667801693 0 0)
(0.03667801693 0 0)
(0.03667801693 0 0)
(0.03237551184 0 0)
(0.03237551184 0 0)
(0.03237551184 0 0)
(0.03237551184 0 0)
(0.03237551184 0 0)
(0.03237551184 0 0)
(0.03237551184 0 0)
(0.03237551184 0 0)
(0.03237551184 0 0)
(0.03237551184 0 0)
(0.03237551184 0 0)
(0.03237551184 0 0)
(0.03237551184 0 0)
(0.03237551184 0 0)
(0.03237551184 0 0)
(0.03237551184 0 0)
(0.03237551184 0 0)
(0.03237551184 0 0)
(0.03237551184 0 0)
(0.03237551184 0 0)
(0.03237551184 0 0)
(0.03237551184 0 0)
(0.03237551184 0 0)
(0.03237551184 0 0)
(0.03237551184 0 0)
(0.03237551184 0 0)
(0.03237551184 0 0)
(0.03237551184 0 0)
(0.03237551184 0 0)
(0.03237551184 0 0)
(0.03237551184 0 0)
(0.03237551184 0 0)
(0.02592175421 0 0)
(0.02592175421 0 0)
(0.02592175421 0 0)
(0.02592175421 0 0)
(0.02592175421 0 0)
(0.02592175421 0 0)
(0.02592175421 0 0)
(0.02592175421 0 0)
(0.02592175421 0 0)
(0.02592175421 0 0)
(0.02592175421 0 0)
(0.02592175421 0 0)
(0.02592175421 0 0)
(0.02592175421 0 0)
(0.02592175421 0 0)
(0.02592175421 0 0)
(0.02592175421 0 0)
(0.02592175421 0 0)
(0.02592175421 0 0)
(0.02592175421 0 0)
(0.02592175421 0 0)
(0.02592175421 0 0)
(0.02592175421 0 0)
(0.02592175421 0 0)
(0.02592175421 0 0)
(0.02592175421 0 0)
(0.02592175421 0 0)
(0.02592175421 0 0)
(0.02592175421 0 0)
(0.02592175421 0 0)
(0.02592175421 0 0)
(0.02592175421 0 0)
(0.01731674403 0 0)
(0.01731674403 0 0)
(0.01731674403 0 0)
(0.01731674403 0 0)
(0.01731674403 0 0)
(0.01731674403 0 0)
(0.01731674403 0 0)
(0.01731674403 0 0)
(0.01731674403 0 0)
(0.01731674403 0 0)
(0.01731674403 0 0)
(0.01731674403 0 0)
(0.01731674403 0 0)
(0.01731674403 0 0)
(0.01731674403 0 0)
(0.01731674403 0 0)
(0.01731674403 0 0)
(0.01731674403 0 0)
(0.01731674403 0 0)
(0.01731674403 0 0)
(0.01731674403 0 0)
(0.01731674403 0 0)
(0.01731674403 0 0)
(0.01731674403 0 0)
(0.01731674403 0 0)
(0.01731674403 0 0)
(0.01731674403 0 0)
(0.01731674403 0 0)
(0.01731674403 0 0)
(0.01731674403 0 0)
(0.01731674403 0 0)
(0.01731674403 0 0)
(0.006560481309 0 0)
(0.006560481309 0 0)
(0.006560481309 0 0)
(0.006560481309 0 0)
(0.006560481309 0 0)
(0.006560481309 0 0)
(0.006560481309 0 0)
(0.006560481309 0 0)
(0.006560481309 0 0)
(0.006560481309 0 0)
(0.006560481309 0 0)
(0.006560481309 0 0)
(0.006560481309 0 0)
(0.006560481309 0 0)
(0.006560481309 0 0)
(0.006560481309 0 0)
(0.006560481309 0 0)
(0.006560481309 0 0)
(0.006560481309 0 0)
(0.006560481309 0 0)
(0.006560481309 0 0)
(0.006560481309 0 0)
(0.006560481309 0 0)
(0.006560481309 0 0)
(0.006560481309 0 0)
(0.006560481309 0 0)
(0.006560481309 0 0)
(0.006560481309 0 0)
(0.006560481309 0 0)
(0.006560481309 0 0)
(0.006560481309 0 0)
(0.006560481309 0 0)
)
;
    }
    outlet
    {
        type            zeroGradient;
    }
    wall
    {
        type            noSlip;
    }
}


// ************************************************************************* //
