FoamFile
{
    version 2.0;
    format ascii;
    class faceList;
    location "constant/polyMesh";
    object faces;
}

208
(
4(65 81 17 1)
4(16 80 64 0)
4(17 81 80 16)
4(66 82 18 2)
4(18 82 81 17)
4(67 83 19 3)
4(19 83 82 18)
4(68 84 20 4)
4(20 84 83 19)
4(69 85 21 5)
4(21 85 84 20)
4(70 86 22 6)
4(22 86 85 21)
4(71 87 23 7)
4(23 87 86 22)
4(72 88 24 8)
4(24 88 87 23)
4(73 89 25 9)
4(25 89 88 24)
4(74 90 26 10)
4(26 90 89 25)
4(75 91 27 11)
4(27 91 90 26)
4(76 92 28 12)
4(28 92 91 27)
4(77 93 29 13)
4(29 93 92 28)
4(78 94 30 14)
4(30 94 93 29)
4(79 95 31 15)
4(31 95 94 30)
4(16 80 95 31)
4(81 97 33 17)
4(32 96 80 16)
4(33 97 96 32)
4(82 98 34 18)
4(34 98 97 33)
4(83 99 35 19)
4(35 99 98 34)
4(84 100 36 20)
4(36 100 99 35)
4(85 101 37 21)
4(37 101 100 36)
4(86 102 38 22)
4(38 102 101 37)
4(87 103 39 23)
4(39 103 102 38)
4(88 104 40 24)
4(40 104 103 39)
4(89 105 41 25)
4(41 105 104 40)
4(90 106 42 26)
4(42 106 105 41)
4(91 107 43 27)
4(43 107 106 42)
4(92 108 44 28)
4(44 108 107 43)
4(93 109 45 29)
4(45 109 108 44)
4(94 110 46 30)
4(46 110 109 45)
4(95 111 47 31)
4(47 111 110 46)
4(32 96 111 47)
4(97 113 49 33)
4(48 112 96 32)
4(98 114 50 34)
4(99 115 51 35)
4(100 116 52 36)
4(101 117 53 37)
4(102 118 54 38)
4(103 119 55 39)
4(104 120 56 40)
4(105 121 57 41)
4(106 122 58 42)
4(107 123 59 43)
4(108 124 60 44)
4(109 125 61 45)
4(110 126 62 46)
4(111 127 63 47)
4(55 119 118 54)
4(56 120 119 55)
4(57 121 120 56)
4(58 122 121 57)
4(49 113 112 48)
4(50 114 113 49)
4(51 115 114 50)
4(52 116 115 51)
4(53 117 116 52)
4(54 118 117 53)
4(59 123 122 58)
4(60 124 123 59)
4(61 125 124 60)
4(62 126 125 61)
4(63 127 126 62)
4(48 112 127 63)
4(64 65 1 0)
4(65 66 2 1)
4(66 67 3 2)
4(67 68 4 3)
4(68 69 5 4)
4(69 70 6 5)
4(70 71 7 6)
4(71 72 8 7)
4(72 73 9 8)
4(73 74 10 9)
4(74 75 11 10)
4(75 76 12 11)
4(76 77 13 12)
4(77 78 14 13)
4(78 79 15 14)
4(79 64 0 15)
4(1 17 16 0)
4(80 81 65 64)
4(2 18 17 1)
4(81 82 66 65)
4(3 19 18 2)
4(82 83 67 66)
4(4 20 19 3)
4(83 84 68 67)
4(5 21 20 4)
4(84 85 69 68)
4(6 22 21 5)
4(85 86 70 69)
4(7 23 22 6)
4(86 87 71 70)
4(8 24 23 7)
4(87 88 72 71)
4(9 25 24 8)
4(88 89 73 72)
4(10 26 25 9)
4(89 90 74 73)
4(11 27 26 10)
4(90 91 75 74)
4(12 28 27 11)
4(91 92 76 75)
4(13 29 28 12)
4(92 93 77 76)
4(14 30 29 13)
4(93 94 78 77)
4(15 31 30 14)
4(94 95 79 78)
4(0 16 31 15)
4(95 80 64 79)
4(17 33 32 16)
4(96 97 81 80)
4(18 34 33 17)
4(97 98 82 81)
4(19 35 34 18)
4(98 99 83 82)
4(20 36 35 19)
4(99 100 84 83)
4(21 37 36 20)
4(100 101 85 84)
4(22 38 37 21)
4(101 102 86 85)
4(23 39 38 22)
4(102 103 87 86)
4(24 40 39 23)
4(103 104 88 87)
4(25 41 40 24)
4(104 105 89 88)
4(26 42 41 25)
4(105 106 90 89)
4(27 43 42 26)
4(106 107 91 90)
4(28 44 43 27)
4(107 108 92 91)
4(29 45 44 28)
4(108 109 93 92)
4(30 46 45 29)
4(109 110 94 93)
4(31 47 46 30)
4(110 111 95 94)
4(16 32 47 31)
4(111 96 80 95)
4(33 49 48 32)
4(112 113 97 96)
4(34 50 49 33)
4(113 114 98 97)
4(35 51 50 34)
4(114 115 99 98)
4(36 52 51 35)
4(115 116 100 99)
4(37 53 52 36)
4(116 117 101 100)
4(38 54 53 37)
4(117 118 102 101)
4(39 55 54 38)
4(118 119 103 102)
4(40 56 55 39)
4(119 120 104 103)
4(41 57 56 40)
4(120 121 105 104)
4(42 58 57 41)
4(121 122 106 105)
4(43 59 58 42)
4(122 123 107 106)
4(44 60 59 43)
4(123 124 108 107)
4(45 61 60 44)
4(124 125 109 108)
4(46 62 61 45)
4(125 126 110 109)
4(47 63 62 46)
4(126 127 111 110)
4(32 48 63 47)
4(127 112 96 111)
)
