FoamFile
{
    version 2.0;
    format ascii;
    class vectorField;
    location "constant/polyMesh";
    object points;
}

128
(
(0.0005 0 -0.00005)
(0.000461939766256 0.000191341716183 -0.00005)
(0.000353553390593 0.000353553390593 -0.00005)
(0.000191341716183 0.000461939766256 -0.00005)
(0 0.0005 -0.00005)
(-0.000191341716183 0.000461939766256 -0.00005)
(-0.000353553390593 0.000353553390593 -0.00005)
(-0.000461939766256 0.000191341716183 -0.00005)
(-0.0005 0 -0.00005)
(-0.000461939766256 -0.000191341716183 -0.00005)
(-0.000353553390593 -0.000353553390593 -0.00005)
(-0.000191341716183 -0.000461939766256 -0.00005)
(0 -0.0005 -0.00005)
(0.000191341716183 -0.000461939766256 -0.00005)
(0.000353553390593 -0.000353553390593 -0.00005)
(0.000461939766256 -0.000191341716183 -0.00005)
(0.003 0 -0.00005)
(0.00297462651084 0.00123213064378 -0.00005)
(0.00156903559373 0.00156903559373 -0.00005)
(0.000679845893952 0.0016412931775 -0.00005)
(0 0.00166666666667 -0.00005)
(-0.000679845893952 0.0016412931775 -0.00005)
(-0.00156903559373 0.00156903559373 -0.00005)
(-0.0016412931775 0.000679845893952 -0.00005)
(-0.00166666666667 0 -0.00005)
(-0.0016412931775 -0.000679845893952 -0.00005)
(-0.00156903559373 -0.00156903559373 -0.00005)
(-0.000679845893952 -0.0016412931775 -0.00005)
(0 -0.00166666666667 -0.00005)
(0.000679845893952 -0.0016412931775 -0.00005)
(0.00156903559373 -0.00156903559373 -0.00005)
(0.00297462651084 -0.00123213064378 -0.00005)
(0.0055 0 -0.00005)
(0.00548731325542 0.00227291957138 -0.00005)
(0.00278451779686 0.00278451779686 -0.00005)
(0.00116835007172 0.00282064658875 -0.00005)
(0 0.00283333333333 -0.00005)
(-0.00116835007172 0.00282064658875 -0.00005)
(-0.00278451779686 0.00278451779686 -0.00005)
(-0.00282064658875 0.00116835007172 -0.00005)
(-0.00283333333333 0 -0.00005)
(-0.00282064658875 -0.00116835007172 -0.00005)
(-0.00278451779686 -0.00278451779686 -0.00005)
(-0.00116835007172 -0.00282064658875 -0.00005)
(0 -0.00283333333333 -0.00005)
(0.00116835007172 -0.00282064658875 -0.00005)
(0.00278451779686 -0.00278451779686 -0.00005)
(0.00548731325542 -0.00227291957138 -0.00005)
(0.008 0 -0.00005)
(0.008 0.00331370849898 -0.00005)
(0.004 0.004 -0.00005)
(0.00165685424949 0.004 -0.00005)
(0 0.004 -0.00005)
(-0.00165685424949 0.004 -0.00005)
(-0.004 0.004 -0.00005)
(-0.004 0.00165685424949 -0.00005)
(-0.004 0 -0.00005)
(-0.004 -0.00165685424949 -0.00005)
(-0.004 -0.004 -0.00005)
(-0.00165685424949 -0.004 -0.00005)
(0 -0.004 -0.00005)
(0.00165685424949 -0.004 -0.00005)
(0.004 -0.004 -0.00005)
(0.008 -0.00331370849898 -0.00005)
(0.0005 0 0.00005)
(0.000461939766256 0.000191341716183 0.00005)
(0.000353553390593 0.000353553390593 0.00005)
(0.000191341716183 0.000461939766256 0.00005)
(0 0.0005 0.00005)
(-0.000191341716183 0.000461939766256 0.00005)
(-0.000353553390593 0.000353553390593 0.00005)
(-0.000461939766256 0.000191341716183 0.00005)
(-0.0005 0 0.00005)
(-0.000461939766256 -0.000191341716183 0.00005)
(-0.000353553390593 -0.000353553390593 0.00005)
(-0.000191341716183 -0.000461939766256 0.00005)
(0 -0.0005 0.00005)
(0.000191341716183 -0.000461939766256 0.00005)
(0.000353553390593 -0.000353553390593 0.00005)
(0.000461939766256 -0.000191341716183 0.00005)
(0.003 0 0.00005)
(0.00297462651084 0.00123213064378 0.00005)
(0.00156903559373 0.00156903559373 0.00005)
(0.000679845893952 0.0016412931775 0.00005)
(0 0.00166666666667 0.00005)
(-0.000679845893952 0.0016412931775 0.00005)
(-0.00156903559373 0.00156903559373 0.00005)
(-0.0016412931775 0.000679845893952 0.00005)
(-0.00166666666667 0 0.00005)
(-0.0016412931775 -0.000679845893952 0.00005)
(-0.00156903559373 -0.00156903559373 0.00005)
(-0.000679845893952 -0.0016412931775 0.00005)
(0 -0.00166666666667 0.00005)
(0.000679845893952 -0.0016412931775 0.00005)
(0.00156903559373 -0.00156903559373 0.00005)
(0.00297462651084 -0.00123213064378 0.00005)
(0.0055 0 0.00005)
(0.00548731325542 0.00227291957138 0.00005)
(0.00278451779686 0.00278451779686 0.00005)
(0.00116835007172 0.00282064658875 0.00005)
(0 0.00283333333333 0.00005)
(-0.00116835007172 0.00282064658875 0.00005)
(-0.00278451779686 0.00278451779686 0.00005)
(-0.00282064658875 0.00116835007172 0.00005)
(-0.00283333333333 0 0.00005)
(-0.00282064658875 -0.00116835007172 0.00005)
(-0.00278451779686 -0.00278451779686 0.00005)
(-0.00116835007172 -0.00282064658875 0.00005)
(0 -0.00283333333333 0.00005)
(0.00116835007172 -0.00282064658875 0.00005)
(0.00278451779686 -0.00278451779686 0.00005)
(0.00548731325542 -0.00227291957138 0.00005)
(0.008 0 0.00005)
(0.008 0.00331370849898 0.00005)
(0.004 0.004 0.00005)
(0.00165685424949 0.004 0.00005)
(0 0.004 0.00005)
(-0.00165685424949 0.004 0.00005)
(-0.004 0.004 0.00005)
(-0.004 0.00165685424949 0.00005)
(-0.004 0 0.00005)
(-0.004 -0.00165685424949 0.00005)
(-0.004 -0.004 0.00005)
(-0.00165685424949 -0.004 0.00005)
(0 -0.004 0.00005)
(0.00165685424949 -0.004 0.00005)
(0.004 -0.004 0.00005)
(0.008 -0.00331370849898 0.00005)
)
