FoamFile
{
    version 2.0;
    format ascii;
    class volVectorField;
    location "0";
    object U;
}

dimensions [0 1 -1 0 0 0 0];

internalField uniform (0.02 0 0);

boundaryField
{
    inlet
    {
        type fixedValue;
        value nonuniform List<vector>
        192
        (
            (0.038620119917991684 0 0)
            (0.038620119917991684 0 0)
            (0.038620119917991684 0 0)
            (0.038620119917991684 0 0)
            (0.038620119917991684 0 0)
            (0.038620119917991684 0 0)
            (0.038620119917991684 0 0)
            (0.038620119917991684 0 0)
            (0.038620119917991684 0 0)
            (0.038620119917991684 0 0)
            (0.038620119917991684 0 0)
            (0.038620119917991684 0 0)
            (0.038620119917991684 0 0)
            (0.038620119917991684 0 0)
            (0.038620119917991684 0 0)
            (0.038620119917991684 0 0)
            (0.038620119917991684 0 0)
            (0.038620119917991684 0 0)
            (0.038620119917991684 0 0)
            (0.038620119917991684 0 0)
            (0.038620119917991684 0 0)
            (0.038620119917991684 0 0)
            (0.038620119917991684 0 0)
            (0.038620119917991684 0 0)
            (0.038620119917991684 0 0)
            (0.038620119917991684 0 0)
            (0.038620119917991684 0 0)
            (0.038620119917991684 0 0)
            (0.038620119917991684 0 0)
            (0.038620119917991684 0 0)
            (0.038620119917991684 0 0)
            (0.038620119917991684 0 0)
            (0.036678016926768135 0 0)
            (0.036678016926768135 0 0)
            (0.036678016926768135 0 0)
            (0.036678016926768135 0 0)
            (0.036678016926768135 0 0)
            (0.036678016926768135 0 0)
            (0.036678016926768135 0 0)
            (0.036678016926768135 0 0)
            (0.036678016926768135 0 0)
            (0.036678016926768135 0 0)
            (0.036678016926768135 0 0)
            (0.036678016926768135 0 0)
            (0.036678016926768135 0 0)
            (0.036678016926768135 0 0)
            (0.036678016926768135 0 0)
            (0.036678016926768135 0 0)
            (0.036678016926768135 0 0)
            (0.036678016926768135 0 0)
            (0.036678016926768135 0 0)
            (0.036678016926768135 0 0)
            (0.036678016926768135 0 0)
            (0.036678016926768135 0 0)
            (0.036678016926768135 0 0)
            (0.036678016926768135 0 0)
            (0.036678016926768135 0 0)
            (0.036678016926768135 0 0)
            (0.036678016926768135 0 0)
            (0.036678016926768135 0 0)
            (0.036678016926768135 0 0)
            (0.036678016926768135 0 0)
            (0.036678016926768135 0 0)
            (0.036678016926768135 0 0)
            (0.032375511838519035 0 0)
            (0.032375511838519035 0 0)
            (0.032375511838519035 0 0)
            (0.032375511838519035 0 0)
            (0.032375511838519035 0 0)
            (0.032375511838519035 0 0)
            (0.032375511838519035 0 0)
            (0.032375511838519035 0 0)
            (0.032375511838519035 0 0)
            (0.032375511838519035 0 0)
            (0.032375511838519035 0 0)
            (0.032375511838519035 0 0)
            (0.032375511838519035 0 0)
            (0.032375511838519035 0 0)
            (0.032375511838519035 0 0)
            (0.032375511838519035 0 0)
            (0.032375511838519035 0 0)
            (0.032375511838519035 0 0)
            (0.032375511838519035 0 0)
            (0.032375511838519035 0 0)
            (0.032375511838519035 0 0)
            (0.032375511838519035 0 0)
            (0.032375511838519035 0 0)
            (0.032375511838519035 0 0)
            (0.032375511838519035 0 0)
            (0.032375511838519035 0 0)
            (0.032375511838519035 0 0)
            (0.032375511838519035 0 0)
            (0.032375511838519035 0 0)
            (0.032375511838519035 0 0)
            (0.032375511838519035 0 0)
            (0.032375511838519035 0 0)
            (0.025921754206145384 0 0)
            (0.025921754206145387 0 0)
            (0.025921754206145387 0 0)
            (0.025921754206145394 0 0)
            (0.025921754206145387 0 0)
            (0.025921754206145387 0 0)
            (0.025921754206145387 0 0)
            (0.025921754206145384 0 0)
            (0.025921754206145384 0 0)
            (0.025921754206145394 0 0)
            (0.025921754206145387 0 0)
            (0.025921754206145394 0 0)
            (0.025921754206145394 0 0)
            (0.025921754206145387 0 0)
            (0.025921754206145387 0 0)
            (0.025921754206145384 0 0)
            (0.025921754206145384 0 0)
            (0.025921754206145387 0 0)
            (0.025921754206145387 0 0)
            (0.025921754206145394 0 0)
            (0.025921754206145387 0 0)
            (0.025921754206145387 0 0)
            (0.025921754206145394 0 0)
            (0.025921754206145394 0 0)
            (0.025921754206145384 0 0)
            (0.025921754206145387 0 0)
            (0.025921754206145387 0 0)
            (0.025921754206145394 0 0)
            (0.025921754206145394 0 0)
            (0.025921754206145387 0 0)
            (0.025921754206145394 0 0)
            (0.025921754206145394 0 0)
            (0.0173167440296472 0 0)
            (0.0173167440296472 0 0)
            (0.017316744029647193 0 0)
            (0.017316744029647196 0 0)
            (0.017316744029647196 0 0)
            (0.0173167440296472 0 0)
            (0.0173167440296472 0 0)
            (0.0173167440296472 0 0)
            (0.0173167440296472 0 0)
            (0.0173167440296472 0 0)
            (0.017316744029647196 0 0)
            (0.017316744029647203 0 0)
            (0.017316744029647196 0 0)
            (0.0173167440296472 0 0)
            (0.0173167440296472 0 0)
            (0.0173167440296472 0 0)
            (0.0173167440296472 0 0)
            (0.0173167440296472 0 0)
            (0.017316744029647193 0 0)
            (0.0173167440296472 0 0)
            (0.017316744029647196 0 0)
            (0.017316744029647196 0 0)
            (0.0173167440296472 0 0)
            (0.017316744029647203 0 0)
            (0.0173167440296472 0 0)
            (0.0173167440296472 0 0)
            (0.0173167440296472 0 0)
            (0.0173167440296472 0 0)
            (0.0173167440296472 0 0)
            (0.017316744029647196 0 0)
            (0.0173167440296472 0 0)
            (0.017316744029647203 0 0)
            (0.0065604813090244492 0 0)
            (0.0065604813090244614 0 0)
            (0.006560481309024457 0 0)
            (0.006560481309024457 0 0)
            (0.006560481309024457 0 0)
            (0.0065604813090244492 0 0)
            (0.006560481309024457 0 0)
            (0.0065604813090244492 0 0)
            (0.0065604813090244492 0 0)
            (0.0065604813090244614 0 0)
            (0.0065604813090244614 0 0)
            (0.0065604813090244614 0 0)
            (0.006560481309024457 0 0)
            (0.006560481309024457 0 0)
            (0.006560481309024457 0 0)
            (0.0065604813090244492 0 0)
            (0.0065604813090244492 0 0)
            (0.0065604813090244614 0 0)
            (0.0065604813090244614 0 0)
            (0.006560481309024457 0 0)
            (0.006560481309024457 0 0)
            (0.006560481309024457 0 0)
            (0.0065604813090244492 0 0)
            (0.0065604813090244492 0 0)
            (0.0065604813090244492 0 0)
            (0.006560481309024457 0 0)
            (0.006560481309024457 0 0)
            (0.006560481309024457 0 0)
            (0.006560481309024457 0 0)
            (0.006560481309024457 0 0)
            (0.0065604813090244492 0 0)
            (0.0065604813090244492 0 0)
        );
    }
    outlet
    {
        type zeroGradient;
    }
    wall
    {
        type noSlip;
    }
}
