/*--------------------------------*- C++ -*----------------------------------*\
  =========                 |
  \\      /  F ield         | OpenFOAM: The Open Source CFD Toolbox
   \\    /   O peration     | Website:  https://openfoam.org
    \\  /    A nd           | Version:  13
     \\/     M anipulation  |
\*---------------------------------------------------------------------------*/
FoamFile
{
    format      ascii;
    class       labelList;
    note        "nPoints:4825  nCells:4608  nFaces:14016  nInternalFaces:12864";
    location    "constant/polyMesh";
    object      neighbour;
}
// * * * * * * * * * * * * * * * * * * * * * * * * * * * * * * * * * * * * * //


12864
(
1
2
3
4
5
6
7
8
6
9
10
7
10
11
12
8
12
13
14
15
16
17
15
18
19
16
19
20
21
17
21
22
18
23
24
19
24
25
20
25
26
27
21
27
28
22
28
29
30
31
32
33
31
34
35
32
35
36
37
33
37
38
34
39
40
35
40
41
36
41
42
43
37
43
44
38
44
45
39
46
47
40
47
48
41
48
49
42
49
50
51
43
51
52
44
52
53
45
53
54
55
56
57
58
56
59
60
57
60
61
62
58
62
63
59
64
65
60
65
66
61
66
67
68
62
68
69
63
69
70
64
71
72
65
72
73
66
73
74
67
74
75
76
68
76
77
69
77
78
70
78
79
71
80
81
72
81
82
73
82
83
74
83
84
75
84
85
86
76
86
87
77
87
88
78
88
89
79
89
90
91
92
93
94
92
95
96
93
96
97
98
94
98
99
95
100
101
96
101
102
97
102
103
104
98
104
105
99
105
106
100
107
108
101
108
109
102
109
110
103
110
111
112
104
112
113
105
113
114
106
114
115
107
116
117
108
117
118
109
118
119
110
119
120
111
120
121
122
112
122
123
113
123
124
114
124
125
115
125
126
116
127
128
117
128
129
118
129
130
119
130
131
120
131
132
121
132
133
122
133
134
123
134
135
124
135
136
125
136
137
126
137
138
139
140
141
142
140
143
144
141
144
145
146
142
146
147
143
148
149
144
149
150
145
150
151
152
146
152
153
147
153
154
148
155
156
149
156
157
150
157
158
151
158
159
160
152
160
161
153
161
162
154
162
163
155
164
165
156
165
166
157
166
167
158
167
168
159
168
169
170
160
170
171
161
171
172
162
172
173
163
173
174
164
175
176
165
176
177
166
177
178
167
178
179
168
179
180
169
180
181
170
181
182
171
182
183
172
183
184
173
184
185
174
185
186
175
187
188
176
188
189
177
189
190
178
190
191
179
191
192
180
192
181
193
182
193
194
183
194
195
184
195
196
185
196
197
186
197
198
199
200
201
202
200
203
204
201
204
205
206
202
206
207
203
208
209
204
209
210
205
210
211
212
206
212
213
207
213
214
208
215
216
209
216
217
210
217
218
211
218
219
220
212
220
221
213
221
222
214
222
223
215
224
225
216
225
226
217
226
227
218
227
228
219
228
229
230
220
230
231
221
231
232
222
232
233
223
233
234
224
235
236
225
236
237
226
237
238
227
238
239
228
239
240
229
240
241
230
241
242
231
242
243
232
243
244
233
244
245
234
245
246
235
247
248
236
248
249
237
249
250
238
250
251
239
251
252
240
252
241
253
242
253
254
243
254
255
244
255
256
245
256
257
246
257
258
247
259
260
248
260
261
249
261
262
250
262
263
251
263
264
252
264
253
265
254
265
266
255
266
267
256
267
268
257
268
269
258
269
270
271
272
273
274
272
275
276
273
276
277
278
274
278
279
275
280
281
276
281
282
277
282
283
284
278
284
285
279
285
286
280
287
288
281
288
289
282
289
290
283
290
291
292
284
292
293
285
293
294
286
294
295
287
296
297
288
297
298
289
298
299
290
299
300
291
300
301
302
292
302
303
293
303
304
294
304
305
295
305
306
296
307
308
297
308
309
298
309
310
299
310
311
300
311
312
301
312
313
302
313
314
303
314
315
304
315
316
305
316
317
306
317
318
307
319
320
308
320
321
309
321
322
310
322
323
311
323
324
312
324
313
325
314
325
326
315
326
327
316
327
328
317
328
329
318
329
330
319
331
332
320
332
333
321
333
334
322
334
335
323
335
336
324
336
325
337
326
337
338
327
338
339
328
339
340
329
340
341
330
341
342
331
343
344
332
344
345
333
345
346
334
346
347
335
347
348
336
348
337
349
338
349
350
339
350
351
340
351
352
341
352
353
342
353
354
355
356
357
358
356
359
360
357
360
361
362
358
362
363
359
364
365
360
365
366
361
366
367
368
362
368
369
363
369
370
364
371
372
365
372
373
366
373
374
367
374
375
376
368
376
377
369
377
378
370
378
379
371
380
381
372
381
382
373
382
383
374
383
384
375
384
385
386
376
386
387
377
387
388
378
388
389
379
389
390
380
391
392
381
392
393
382
393
394
383
394
395
384
395
396
385
396
397
386
397
398
387
398
399
388
399
400
389
400
401
390
401
402
391
403
404
392
404
405
393
405
406
394
406
407
395
407
408
396
408
397
409
398
409
410
399
410
411
400
411
412
401
412
413
402
413
414
403
415
416
404
416
417
405
417
418
406
418
419
407
419
420
408
420
409
421
410
421
422
411
422
423
412
423
424
413
424
425
414
425
426
415
427
428
416
428
429
417
429
430
418
430
431
419
431
432
420
432
421
433
422
433
434
423
434
435
424
435
436
425
436
437
426
437
438
427
439
440
428
440
441
429
441
442
430
442
443
431
443
444
432
444
433
445
434
445
446
435
446
447
436
447
448
437
448
449
438
449
450
451
452
453
454
452
455
456
453
456
457
458
454
458
459
455
460
461
456
461
462
457
462
463
464
458
464
465
459
465
466
460
467
468
461
468
469
462
469
470
463
470
471
472
464
472
473
465
473
474
466
474
475
467
476
477
468
477
478
469
478
479
470
479
480
471
480
481
482
472
482
483
473
483
484
474
484
485
475
485
486
476
487
488
477
488
489
478
489
490
479
490
491
480
491
492
481
492
493
482
493
494
483
494
495
484
495
496
485
496
497
486
497
498
487
499
500
488
500
501
489
501
502
490
502
503
491
503
504
492
504
493
505
494
505
506
495
506
507
496
507
508
497
508
509
498
509
510
499
511
512
500
512
513
501
513
514
502
514
515
503
515
516
504
516
505
517
506
517
518
507
518
519
508
519
520
509
520
521
510
521
522
511
523
524
512
524
525
513
525
526
514
526
527
515
527
528
516
528
517
529
518
529
530
519
530
531
520
531
532
521
532
533
522
533
534
523
535
536
524
536
537
525
537
538
526
538
539
527
539
540
528
540
529
541
530
541
542
531
542
543
532
543
544
533
544
545
534
545
546
535
547
548
536
548
549
537
549
550
538
550
551
539
551
552
540
552
541
553
542
553
554
543
554
555
544
555
556
545
556
557
546
557
558
559
560
561
562
560
563
564
561
564
565
566
562
566
567
563
568
569
564
569
570
565
570
571
572
566
572
573
567
573
574
568
575
576
569
576
577
570
577
578
571
578
579
580
572
580
581
573
581
582
574
582
583
575
584
585
576
585
586
577
586
587
578
587
588
579
588
589
590
580
590
591
581
591
592
582
592
593
583
593
594
584
595
596
585
596
597
586
597
598
587
598
599
588
599
600
589
600
601
590
601
602
591
602
603
592
603
604
593
604
605
594
605
606
595
607
608
596
608
609
597
609
610
598
610
611
599
611
612
600
612
601
613
602
613
614
603
614
615
604
615
616
605
616
617
606
617
618
607
619
620
608
620
621
609
621
622
610
622
623
611
623
624
612
624
613
625
614
625
626
615
626
627
616
627
628
617
628
629
618
629
630
619
631
632
620
632
633
621
633
634
622
634
635
623
635
636
624
636
625
637
626
637
638
627
638
639
628
639
640
629
640
641
630
641
642
631
643
644
632
644
645
633
645
646
634
646
647
635
647
648
636
648
637
649
638
649
650
639
650
651
640
651
652
641
652
653
642
653
654
643
655
656
644
656
657
645
657
658
646
658
659
647
659
660
648
660
649
661
650
661
662
651
662
663
652
663
664
653
664
665
654
665
666
655
667
668
656
668
669
657
669
670
658
670
671
659
671
672
660
672
661
673
662
673
674
663
674
675
664
675
676
665
676
677
666
677
678
679
680
681
682
680
683
684
681
684
685
686
682
686
687
683
688
689
684
689
690
685
690
691
692
686
692
693
687
693
694
688
695
696
689
696
697
690
697
698
691
698
699
700
692
700
701
693
701
702
694
702
703
695
704
705
696
705
706
697
706
707
698
707
708
699
708
709
710
700
710
711
701
711
712
702
712
713
703
713
714
704
715
716
705
716
717
706
717
718
707
718
719
708
719
720
709
720
721
710
721
722
711
722
723
712
723
724
713
724
725
714
725
726
715
727
728
716
728
729
717
729
730
718
730
731
719
731
732
720
732
721
733
722
733
734
723
734
735
724
735
736
725
736
737
726
737
738
727
739
740
728
740
741
729
741
742
730
742
743
731
743
744
732
744
733
745
734
745
746
735
746
747
736
747
748
737
748
749
738
749
750
739
751
752
740
752
753
741
753
754
742
754
755
743
755
756
744
756
745
757
746
757
758
747
758
759
748
759
760
749
760
761
750
761
762
751
763
764
752
764
765
753
765
766
754
766
767
755
767
768
756
768
757
769
758
769
770
759
770
771
760
771
772
761
772
773
762
773
774
763
775
776
764
776
777
765
777
778
766
778
779
767
779
780
768
780
769
781
770
781
782
771
782
783
772
783
784
773
784
785
774
785
786
775
787
788
776
788
789
777
789
790
778
790
791
779
791
792
780
792
781
793
782
793
794
783
794
795
784
795
796
785
796
797
786
797
798
787
799
800
788
800
801
789
801
802
790
802
803
791
803
804
792
804
793
805
794
805
806
795
806
807
796
807
808
797
808
809
798
809
810
811
812
813
814
812
815
816
813
816
817
818
814
818
819
815
820
821
816
821
822
817
822
823
824
818
824
825
819
825
826
820
827
828
821
828
829
822
829
830
823
830
831
832
824
832
833
825
833
834
826
834
835
827
836
837
828
837
838
829
838
839
830
839
840
831
840
841
842
832
842
843
833
843
844
834
844
845
835
845
846
836
847
848
837
848
849
838
849
850
839
850
851
840
851
852
841
852
853
842
853
854
843
854
855
844
855
856
845
856
857
846
857
858
847
859
860
848
860
861
849
861
862
850
862
863
851
863
864
852
864
853
865
854
865
866
855
866
867
856
867
868
857
868
869
858
869
870
859
871
872
860
872
873
861
873
874
862
874
875
863
875
876
864
876
865
877
866
877
878
867
878
879
868
879
880
869
880
881
870
881
882
871
883
884
872
884
885
873
885
886
874
886
887
875
887
888
876
888
877
889
878
889
890
879
890
891
880
891
892
881
892
893
882
893
894
883
895
896
884
896
897
885
897
898
886
898
899
887
899
900
888
900
889
901
890
901
902
891
902
903
892
903
904
893
904
905
894
905
906
895
907
908
896
908
909
897
909
910
898
910
911
899
911
912
900
912
901
913
902
913
914
903
914
915
904
915
916
905
916
917
906
917
918
907
919
920
908
920
921
909
921
922
910
922
923
911
923
924
912
924
913
925
914
925
926
915
926
927
916
927
928
917
928
929
918
929
930
919
931
932
920
932
933
921
933
934
922
934
935
923
935
936
924
936
925
937
926
937
938
927
938
939
928
939
940
929
940
941
930
941
942
931
943
944
932
944
945
933
945
946
934
946
947
935
947
948
936
948
937
949
938
949
950
939
950
951
940
951
952
941
952
953
942
953
954
955
956
957
958
956
959
960
957
960
961
962
958
962
963
959
964
965
960
965
966
961
966
967
968
962
968
969
963
969
970
964
971
972
965
972
973
966
973
974
967
974
975
976
968
976
977
969
977
978
970
978
979
971
980
981
972
981
982
973
982
983
974
983
984
975
984
985
986
976
986
987
977
987
988
978
988
989
979
989
990
980
991
992
981
992
993
982
993
994
983
994
995
984
995
996
985
996
997
986
997
998
987
998
999
988
999
1000
989
1000
1001
990
1001
1002
991
1003
1004
992
1004
1005
993
1005
1006
994
1006
1007
995
1007
1008
996
1008
997
1009
998
1009
1010
999
1010
1011
1000
1011
1012
1001
1012
1013
1002
1013
1014
1003
1015
1016
1004
1016
1017
1005
1017
1018
1006
1018
1019
1007
1019
1020
1008
1020
1009
1021
1010
1021
1022
1011
1022
1023
1012
1023
1024
1013
1024
1025
1014
1025
1026
1015
1027
1028
1016
1028
1029
1017
1029
1030
1018
1030
1031
1019
1031
1032
1020
1032
1021
1033
1022
1033
1034
1023
1034
1035
1024
1035
1036
1025
1036
1037
1026
1037
1038
1027
1039
1040
1028
1040
1041
1029
1041
1042
1030
1042
1043
1031
1043
1044
1032
1044
1033
1045
1034
1045
1046
1035
1046
1047
1036
1047
1048
1037
1048
1049
1038
1049
1050
1039
1051
1052
1040
1052
1053
1041
1053
1054
1042
1054
1055
1043
1055
1056
1044
1056
1045
1057
1046
1057
1058
1047
1058
1059
1048
1059
1060
1049
1060
1061
1050
1061
1062
1051
1063
1064
1052
1064
1065
1053
1065
1066
1054
1066
1067
1055
1067
1068
1056
1068
1057
1069
1058
1069
1070
1059
1070
1071
1060
1071
1072
1061
1072
1073
1062
1073
1074
1063
1075
1076
1064
1076
1077
1065
1077
1078
1066
1078
1079
1067
1079
1080
1068
1080
1069
1081
1070
1081
1082
1071
1082
1083
1072
1083
1084
1073
1084
1085
1074
1085
1086
1075
1087
1088
1076
1088
1089
1077
1089
1090
1078
1090
1091
1079
1091
1092
1080
1092
1081
1093
1082
1093
1094
1083
1094
1095
1084
1095
1096
1085
1096
1097
1086
1097
1098
1087
1099
1100
1088
1100
1101
1089
1101
1102
1090
1102
1103
1091
1103
1104
1092
1104
1093
1105
1094
1105
1106
1095
1106
1107
1096
1107
1108
1097
1108
1109
1098
1109
1110
1111
1112
1113
1114
1112
1115
1116
1113
1116
1117
1118
1114
1118
1119
1115
1120
1121
1116
1121
1122
1117
1122
1123
1124
1118
1124
1125
1119
1125
1126
1120
1127
1128
1121
1128
1129
1122
1129
1130
1123
1130
1131
1132
1124
1132
1133
1125
1133
1134
1126
1134
1135
1127
1136
1137
1128
1137
1138
1129
1138
1139
1130
1139
1140
1131
1140
1141
1142
1132
1142
1143
1133
1143
1144
1134
1144
1145
1135
1145
1146
1136
1147
1148
1137
1148
1149
1138
1149
1150
1139
1150
1151
1140
1151
1152
1141
1152
1153
1142
1153
1154
1143
1154
1155
1144
1155
1156
1145
1156
1157
1146
1157
1158
1147
1159
1160
1148
1160
1161
1149
1161
1162
1150
1162
1163
1151
1163
1164
1152
1164
1153
1165
1154
1165
1166
1155
1166
1167
1156
1167
1168
1157
1168
1169
1158
1169
1170
1159
1171
1172
1160
1172
1173
1161
1173
1174
1162
1174
1175
1163
1175
1176
1164
1176
1165
1177
1166
1177
1178
1167
1178
1179
1168
1179
1180
1169
1180
1181
1170
1181
1182
1171
1183
1184
1172
1184
1185
1173
1185
1186
1174
1186
1187
1175
1187
1188
1176
1188
1177
1189
1178
1189
1190
1179
1190
1191
1180
1191
1192
1181
1192
1193
1182
1193
1194
1183
1195
1196
1184
1196
1197
1185
1197
1198
1186
1198
1199
1187
1199
1200
1188
1200
1189
1201
1190
1201
1202
1191
1202
1203
1192
1203
1204
1193
1204
1205
1194
1205
1206
1195
1207
1208
1196
1208
1209
1197
1209
1210
1198
1210
1211
1199
1211
1212
1200
1212
1201
1213
1202
1213
1214
1203
1214
1215
1204
1215
1216
1205
1216
1217
1206
1217
1218
1207
1219
1220
1208
1220
1221
1209
1221
1222
1210
1222
1223
1211
1223
1224
1212
1224
1213
1225
1214
1225
1226
1215
1226
1227
1216
1227
1228
1217
1228
1229
1218
1229
1230
1219
1231
1232
1220
1232
1233
1221
1233
1234
1222
1234
1235
1223
1235
1236
1224
1236
1225
1237
1226
1237
1238
1227
1238
1239
1228
1239
1240
1229
1240
1241
1230
1241
1242
1231
1243
1244
1232
1244
1245
1233
1245
1246
1234
1246
1247
1235
1247
1248
1236
1248
1237
1249
1238
1249
1250
1239
1250
1251
1240
1251
1252
1241
1252
1253
1242
1253
1254
1243
1255
1256
1244
1256
1257
1245
1257
1258
1246
1258
1259
1247
1259
1260
1248
1260
1249
1261
1250
1261
1262
1251
1262
1263
1252
1263
1264
1253
1264
1265
1254
1265
1266
1255
1267
1268
1256
1268
1269
1257
1269
1270
1258
1270
1271
1259
1271
1272
1260
1272
1261
1273
1262
1273
1274
1263
1274
1275
1264
1275
1276
1265
1276
1277
1266
1267
1277
1278
1279
1280
1281
1279
1282
1283
1280
1283
1284
1285
1281
1285
1286
1282
1287
1288
1283
1288
1289
1284
1289
1290
1291
1285
1291
1292
1286
1292
1293
1287
1294
1295
1288
1295
1296
1289
1296
1297
1290
1297
1298
1299
1291
1299
1300
1292
1300
1301
1293
1301
1302
1294
1303
1304
1295
1304
1305
1296
1305
1306
1297
1306
1307
1298
1307
1308
1309
1299
1309
1310
1300
1310
1311
1301
1311
1312
1302
1312
1313
1303
1314
1315
1304
1315
1316
1305
1316
1317
1306
1317
1318
1307
1318
1319
1308
1319
1320
1309
1320
1321
1310
1321
1322
1311
1322
1323
1312
1323
1324
1313
1324
1325
1314
1326
1327
1315
1327
1328
1316
1328
1329
1317
1329
1330
1318
1330
1331
1319
1331
1320
1332
1321
1332
1333
1322
1333
1334
1323
1334
1335
1324
1335
1336
1325
1336
1337
1326
1338
1339
1327
1339
1340
1328
1340
1341
1329
1341
1342
1330
1342
1343
1331
1343
1332
1344
1333
1344
1345
1334
1345
1346
1335
1346
1347
1336
1347
1348
1337
1348
1349
1338
1350
1351
1339
1351
1352
1340
1352
1353
1341
1353
1354
1342
1354
1355
1343
1355
1344
1356
1345
1356
1357
1346
1357
1358
1347
1358
1359
1348
1359
1360
1349
1360
1361
1350
1362
1363
1351
1363
1364
1352
1364
1365
1353
1365
1366
1354
1366
1367
1355
1367
1356
1368
1357
1368
1369
1358
1369
1370
1359
1370
1371
1360
1371
1372
1361
1372
1373
1362
1374
1375
1363
1375
1376
1364
1376
1377
1365
1377
1378
1366
1378
1379
1367
1379
1368
1380
1369
1380
1381
1370
1381
1382
1371
1382
1383
1372
1383
1384
1373
1384
1385
1374
1386
1387
1375
1387
1388
1376
1388
1389
1377
1389
1390
1378
1390
1391
1379
1391
1380
1392
1381
1392
1393
1382
1393
1394
1383
1394
1395
1384
1395
1396
1385
1396
1397
1386
1398
1399
1387
1399
1400
1388
1400
1401
1389
1401
1402
1390
1402
1403
1391
1403
1392
1404
1393
1404
1405
1394
1405
1406
1395
1406
1407
1396
1407
1408
1397
1408
1409
1398
1410
1411
1399
1411
1412
1400
1412
1413
1401
1413
1414
1402
1414
1415
1403
1415
1404
1416
1405
1416
1417
1406
1417
1418
1407
1418
1419
1408
1419
1420
1409
1420
1421
1410
1422
1423
1411
1423
1424
1412
1424
1425
1413
1425
1426
1414
1426
1427
1415
1427
1416
1428
1417
1428
1429
1418
1429
1430
1419
1430
1431
1420
1431
1432
1421
1432
1433
1422
1434
1435
1423
1435
1436
1424
1436
1437
1425
1437
1438
1426
1438
1439
1427
1439
1428
1440
1429
1440
1441
1430
1441
1442
1431
1442
1443
1432
1443
1444
1433
1434
1444
1434
1445
1435
1445
1446
1436
1446
1447
1437
1447
1448
1438
1448
1449
1439
1449
1440
1450
1441
1450
1451
1442
1451
1452
1443
1452
1453
1444
1445
1453
1454
1455
1456
1457
1455
1458
1459
1456
1459
1460
1461
1457
1461
1462
1458
1463
1464
1459
1464
1465
1460
1465
1466
1467
1461
1467
1468
1462
1468
1469
1463
1470
1471
1464
1471
1472
1465
1472
1473
1466
1473
1474
1475
1467
1475
1476
1468
1476
1477
1469
1477
1478
1470
1479
1480
1471
1480
1481
1472
1481
1482
1473
1482
1483
1474
1483
1484
1485
1475
1485
1486
1476
1486
1487
1477
1487
1488
1478
1488
1489
1479
1490
1491
1480
1491
1492
1481
1492
1493
1482
1493
1494
1483
1494
1495
1484
1495
1496
1485
1496
1497
1486
1497
1498
1487
1498
1499
1488
1499
1500
1489
1500
1501
1490
1502
1503
1491
1503
1504
1492
1504
1505
1493
1505
1506
1494
1506
1507
1495
1507
1496
1508
1497
1508
1509
1498
1509
1510
1499
1510
1511
1500
1511
1512
1501
1512
1513
1502
1514
1515
1503
1515
1516
1504
1516
1517
1505
1517
1518
1506
1518
1519
1507
1519
1508
1520
1509
1520
1521
1510
1521
1522
1511
1522
1523
1512
1523
1524
1513
1524
1525
1514
1526
1527
1515
1527
1528
1516
1528
1529
1517
1529
1530
1518
1530
1531
1519
1531
1520
1532
1521
1532
1533
1522
1533
1534
1523
1534
1535
1524
1535
1536
1525
1536
1537
1526
1538
1539
1527
1539
1540
1528
1540
1541
1529
1541
1542
1530
1542
1543
1531
1543
1532
1544
1533
1544
1545
1534
1545
1546
1535
1546
1547
1536
1547
1548
1537
1548
1549
1538
1550
1551
1539
1551
1552
1540
1552
1553
1541
1553
1554
1542
1554
1555
1543
1555
1544
1556
1545
1556
1557
1546
1557
1558
1547
1558
1559
1548
1559
1560
1549
1560
1561
1550
1562
1563
1551
1563
1564
1552
1564
1565
1553
1565
1566
1554
1566
1567
1555
1567
1556
1568
1557
1568
1569
1558
1569
1570
1559
1570
1571
1560
1571
1572
1561
1572
1573
1562
1574
1575
1563
1575
1576
1564
1576
1577
1565
1577
1578
1566
1578
1579
1567
1579
1568
1580
1569
1580
1581
1570
1581
1582
1571
1582
1583
1572
1583
1584
1573
1584
1585
1574
1586
1587
1575
1587
1588
1576
1588
1589
1577
1589
1590
1578
1590
1591
1579
1591
1580
1592
1581
1592
1593
1582
1593
1594
1583
1594
1595
1584
1595
1596
1585
1596
1597
1586
1598
1599
1587
1599
1600
1588
1600
1601
1589
1601
1602
1590
1602
1603
1591
1603
1592
1604
1593
1604
1605
1594
1605
1606
1595
1606
1607
1596
1607
1608
1597
1608
1609
1598
1610
1611
1599
1611
1612
1600
1612
1613
1601
1613
1614
1602
1614
1615
1603
1615
1604
1616
1605
1616
1617
1606
1617
1618
1607
1618
1619
1608
1619
1620
1609
1610
1620
1610
1621
1611
1621
1622
1612
1622
1623
1613
1623
1624
1614
1624
1625
1615
1625
1616
1626
1617
1626
1627
1618
1627
1628
1619
1628
1629
1620
1621
1629
1621
1630
1622
1630
1631
1623
1631
1632
1624
1632
1633
1625
1633
1626
1634
1627
1634
1635
1628
1635
1636
1629
1630
1636
1637
1638
1639
1640
1638
1641
1642
1639
1642
1643
1644
1640
1644
1645
1641
1646
1647
1642
1647
1648
1643
1648
1649
1650
1644
1650
1651
1645
1651
1652
1646
1653
1654
1647
1654
1655
1648
1655
1656
1649
1656
1657
1658
1650
1658
1659
1651
1659
1660
1652
1660
1661
1653
1662
1663
1654
1663
1664
1655
1664
1665
1656
1665
1666
1657
1666
1667
1668
1658
1668
1669
1659
1669
1670
1660
1670
1671
1661
1671
1672
1662
1673
1674
1663
1674
1675
1664
1675
1676
1665
1676
1677
1666
1677
1678
1667
1678
1679
1668
1679
1680
1669
1680
1681
1670
1681
1682
1671
1682
1683
1672
1683
1684
1673
1685
1686
1674
1686
1687
1675
1687
1688
1676
1688
1689
1677
1689
1690
1678
1690
1679
1691
1680
1691
1692
1681
1692
1693
1682
1693
1694
1683
1694
1695
1684
1695
1696
1685
1697
1698
1686
1698
1699
1687
1699
1700
1688
1700
1701
1689
1701
1702
1690
1702
1691
1703
1692
1703
1704
1693
1704
1705
1694
1705
1706
1695
1706
1707
1696
1707
1708
1697
1709
1710
1698
1710
1711
1699
1711
1712
1700
1712
1713
1701
1713
1714
1702
1714
1703
1715
1704
1715
1716
1705
1716
1717
1706
1717
1718
1707
1718
1719
1708
1719
1720
1709
1721
1722
1710
1722
1723
1711
1723
1724
1712
1724
1725
1713
1725
1726
1714
1726
1715
1727
1716
1727
1728
1717
1728
1729
1718
1729
1730
1719
1730
1731
1720
1731
1732
1721
1733
1734
1722
1734
1735
1723
1735
1736
1724
1736
1737
1725
1737
1738
1726
1738
1727
1739
1728
1739
1740
1729
1740
1741
1730
1741
1742
1731
1742
1743
1732
1743
1744
1733
1745
1746
1734
1746
1747
1735
1747
1748
1736
1748
1749
1737
1749
1750
1738
1750
1739
1751
1740
1751
1752
1741
1752
1753
1742
1753
1754
1743
1754
1755
1744
1755
1756
1745
1757
1758
1746
1758
1759
1747
1759
1760
1748
1760
1761
1749
1761
1762
1750
1762
1751
1763
1752
1763
1764
1753
1764
1765
1754
1765
1766
1755
1766
1767
1756
1767
1768
1757
1769
1770
1758
1770
1771
1759
1771
1772
1760
1772
1773
1761
1773
1774
1762
1774
1763
1775
1764
1775
1776
1765
1776
1777
1766
1777
1778
1767
1778
1779
1768
1779
1780
1769
1781
1782
1770
1782
1783
1771
1783
1784
1772
1784
1785
1773
1785
1786
1774
1786
1775
1787
1776
1787
1788
1777
1788
1789
1778
1789
1790
1779
1790
1791
1780
1791
1792
1781
1793
1794
1782
1794
1795
1783
1795
1796
1784
1796
1797
1785
1797
1798
1786
1798
1787
1799
1788
1799
1800
1789
1800
1801
1790
1801
1802
1791
1802
1803
1792
1793
1803
1793
1804
1794
1804
1805
1795
1805
1806
1796
1806
1807
1797
1807
1808
1798
1808
1799
1809
1800
1809
1810
1801
1810
1811
1802
1811
1812
1803
1804
1812
1804
1813
1805
1813
1814
1806
1814
1815
1807
1815
1816
1808
1816
1809
1817
1810
1817
1818
1811
1818
1819
1812
1813
1819
1813
1820
1814
1820
1821
1815
1821
1822
1816
1822
1817
1823
1818
1823
1824
1819
1820
1824
1825
1826
1827
1828
1826
1829
1830
1827
1830
1831
1832
1828
1832
1833
1829
1834
1835
1830
1835
1836
1831
1836
1837
1838
1832
1838
1839
1833
1839
1840
1834
1841
1842
1835
1842
1843
1836
1843
1844
1837
1844
1845
1846
1838
1846
1847
1839
1847
1848
1840
1848
1849
1841
1850
1851
1842
1851
1852
1843
1852
1853
1844
1853
1854
1845
1854
1855
1856
1846
1856
1857
1847
1857
1858
1848
1858
1859
1849
1859
1860
1850
1861
1862
1851
1862
1863
1852
1863
1864
1853
1864
1865
1854
1865
1866
1855
1866
1867
1856
1867
1868
1857
1868
1869
1858
1869
1870
1859
1870
1871
1860
1871
1872
1861
1873
1874
1862
1874
1875
1863
1875
1876
1864
1876
1877
1865
1877
1878
1866
1878
1867
1879
1868
1879
1880
1869
1880
1881
1870
1881
1882
1871
1882
1883
1872
1883
1884
1873
1885
1886
1874
1886
1887
1875
1887
1888
1876
1888
1889
1877
1889
1890
1878
1890
1879
1891
1880
1891
1892
1881
1892
1893
1882
1893
1894
1883
1894
1895
1884
1895
1896
1885
1897
1898
1886
1898
1899
1887
1899
1900
1888
1900
1901
1889
1901
1902
1890
1902
1891
1903
1892
1903
1904
1893
1904
1905
1894
1905
1906
1895
1906
1907
1896
1907
1908
1897
1909
1910
1898
1910
1911
1899
1911
1912
1900
1912
1913
1901
1913
1914
1902
1914
1903
1915
1904
1915
1916
1905
1916
1917
1906
1917
1918
1907
1918
1919
1908
1919
1920
1909
1921
1922
1910
1922
1923
1911
1923
1924
1912
1924
1925
1913
1925
1926
1914
1926
1915
1927
1916
1927
1928
1917
1928
1929
1918
1929
1930
1919
1930
1931
1920
1931
1932
1921
1933
1934
1922
1934
1935
1923
1935
1936
1924
1936
1937
1925
1937
1938
1926
1938
1927
1939
1928
1939
1940
1929
1940
1941
1930
1941
1942
1931
1942
1943
1932
1943
1944
1933
1945
1946
1934
1946
1947
1935
1947
1948
1936
1948
1949
1937
1949
1950
1938
1950
1939
1951
1940
1951
1952
1941
1952
1953
1942
1953
1954
1943
1954
1955
1944
1955
1956
1945
1957
1958
1946
1958
1959
1947
1959
1960
1948
1960
1961
1949
1961
1962
1950
1962
1951
1963
1952
1963
1964
1953
1964
1965
1954
1965
1966
1955
1966
1967
1956
1967
1968
1957
1969
1970
1958
1970
1971
1959
1971
1972
1960
1972
1973
1961
1973
1974
1962
1974
1963
1975
1964
1975
1976
1965
1976
1977
1966
1977
1978
1967
1978
1979
1968
1979
1980
1969
1981
1982
1970
1982
1983
1971
1983
1984
1972
1984
1985
1973
1985
1986
1974
1986
1975
1987
1976
1987
1988
1977
1988
1989
1978
1989
1990
1979
1990
1991
1980
1981
1991
1981
1992
1982
1992
1993
1983
1993
1994
1984
1994
1995
1985
1995
1996
1986
1996
1987
1997
1988
1997
1998
1989
1998
1999
1990
1999
2000
1991
1992
2000
1992
2001
1993
2001
2002
1994
2002
2003
1995
2003
2004
1996
2004
1997
2005
1998
2005
2006
1999
2006
2007
2000
2001
2007
2001
2008
2002
2008
2009
2003
2009
2010
2004
2010
2005
2011
2006
2011
2012
2007
2008
2012
2008
2013
2009
2013
2014
2010
2014
2011
2015
2012
2013
2015
2016
2017
2018
2019
2017
2020
2021
2018
2021
2022
2023
2019
2023
2024
2020
2025
2026
2021
2026
2027
2022
2027
2028
2029
2023
2029
2030
2024
2030
2031
2025
2032
2033
2026
2033
2034
2027
2034
2035
2028
2035
2036
2037
2029
2037
2038
2030
2038
2039
2031
2039
2040
2032
2041
2042
2033
2042
2043
2034
2043
2044
2035
2044
2045
2036
2045
2046
2047
2037
2047
2048
2038
2048
2049
2039
2049
2050
2040
2050
2051
2041
2052
2053
2042
2053
2054
2043
2054
2055
2044
2055
2056
2045
2056
2057
2046
2057
2058
2047
2058
2059
2048
2059
2060
2049
2060
2061
2050
2061
2062
2051
2062
2063
2052
2064
2065
2053
2065
2066
2054
2066
2067
2055
2067
2068
2056
2068
2069
2057
2069
2058
2070
2059
2070
2071
2060
2071
2072
2061
2072
2073
2062
2073
2074
2063
2074
2075
2064
2076
2077
2065
2077
2078
2066
2078
2079
2067
2079
2080
2068
2080
2081
2069
2081
2070
2082
2071
2082
2083
2072
2083
2084
2073
2084
2085
2074
2085
2086
2075
2086
2087
2076
2088
2089
2077
2089
2090
2078
2090
2091
2079
2091
2092
2080
2092
2093
2081
2093
2082
2094
2083
2094
2095
2084
2095
2096
2085
2096
2097
2086
2097
2098
2087
2098
2099
2088
2100
2101
2089
2101
2102
2090
2102
2103
2091
2103
2104
2092
2104
2105
2093
2105
2094
2106
2095
2106
2107
2096
2107
2108
2097
2108
2109
2098
2109
2110
2099
2110
2111
2100
2112
2113
2101
2113
2114
2102
2114
2115
2103
2115
2116
2104
2116
2117
2105
2117
2106
2118
2107
2118
2119
2108
2119
2120
2109
2120
2121
2110
2121
2122
2111
2122
2123
2112
2124
2125
2113
2125
2126
2114
2126
2127
2115
2127
2128
2116
2128
2129
2117
2129
2118
2130
2119
2130
2131
2120
2131
2132
2121
2132
2133
2122
2133
2134
2123
2134
2135
2124
2136
2137
2125
2137
2138
2126
2138
2139
2127
2139
2140
2128
2140
2141
2129
2141
2130
2142
2131
2142
2143
2132
2143
2144
2133
2144
2145
2134
2145
2146
2135
2146
2147
2136
2148
2149
2137
2149
2150
2138
2150
2151
2139
2151
2152
2140
2152
2153
2141
2153
2142
2154
2143
2154
2155
2144
2155
2156
2145
2156
2157
2146
2157
2158
2147
2158
2159
2148
2160
2161
2149
2161
2162
2150
2162
2163
2151
2163
2164
2152
2164
2165
2153
2165
2154
2166
2155
2166
2167
2156
2167
2168
2157
2168
2169
2158
2169
2170
2159
2170
2171
2160
2172
2173
2161
2173
2174
2162
2174
2175
2163
2175
2176
2164
2176
2177
2165
2177
2166
2178
2167
2178
2179
2168
2179
2180
2169
2180
2181
2170
2181
2182
2171
2172
2182
2172
2183
2173
2183
2184
2174
2184
2185
2175
2185
2186
2176
2186
2187
2177
2187
2178
2188
2179
2188
2189
2180
2189
2190
2181
2190
2191
2182
2183
2191
2183
2192
2184
2192
2193
2185
2193
2194
2186
2194
2195
2187
2195
2188
2196
2189
2196
2197
2190
2197
2198
2191
2192
2198
2192
2199
2193
2199
2200
2194
2200
2201
2195
2201
2196
2202
2197
2202
2203
2198
2199
2203
2199
2204
2200
2204
2205
2201
2205
2202
2206
2203
2204
2206
2204
2207
2205
2207
2206
2207
2208
2209
2210
2211
2209
2212
2213
2210
2213
2214
2215
2211
2215
2216
2212
2217
2218
2213
2218
2219
2214
2219
2220
2221
2215
2221
2222
2216
2222
2223
2217
2224
2225
2218
2225
2226
2219
2226
2227
2220
2227
2228
2229
2221
2229
2230
2222
2230
2231
2223
2231
2232
2224
2233
2234
2225
2234
2235
2226
2235
2236
2227
2236
2237
2228
2237
2238
2239
2229
2239
2240
2230
2240
2241
2231
2241
2242
2232
2242
2243
2233
2244
2245
2234
2245
2246
2235
2246
2247
2236
2247
2248
2237
2248
2249
2238
2249
2250
2239
2250
2251
2240
2251
2252
2241
2252
2253
2242
2253
2254
2243
2254
2255
2244
2256
2257
2245
2257
2258
2246
2258
2259
2247
2259
2260
2248
2260
2261
2249
2261
2250
2262
2251
2262
2263
2252
2263
2264
2253
2264
2265
2254
2265
2266
2255
2266
2267
2256
2268
2269
2257
2269
2270
2258
2270
2271
2259
2271
2272
2260
2272
2273
2261
2273
2262
2274
2263
2274
2275
2264
2275
2276
2265
2276
2277
2266
2277
2278
2267
2278
2279
2268
2280
2281
2269
2281
2282
2270
2282
2283
2271
2283
2284
2272
2284
2285
2273
2285
2274
2286
2275
2286
2287
2276
2287
2288
2277
2288
2289
2278
2289
2290
2279
2290
2291
2280
2292
2293
2281
2293
2294
2282
2294
2295
2283
2295
2296
2284
2296
2297
2285
2297
2286
2298
2287
2298
2299
2288
2299
2300
2289
2300
2301
2290
2301
2302
2291
2302
2303
2292
2304
2305
2293
2305
2306
2294
2306
2307
2295
2307
2308
2296
2308
2309
2297
2309
2298
2310
2299
2310
2311
2300
2311
2312
2301
2312
2313
2302
2313
2314
2303
2314
2315
2304
2316
2317
2305
2317
2318
2306
2318
2319
2307
2319
2320
2308
2320
2321
2309
2321
2310
2322
2311
2322
2323
2312
2323
2324
2313
2324
2325
2314
2325
2326
2315
2326
2327
2316
2328
2329
2317
2329
2330
2318
2330
2331
2319
2331
2332
2320
2332
2333
2321
2333
2322
2334
2323
2334
2335
2324
2335
2336
2325
2336
2337
2326
2337
2338
2327
2338
2339
2328
2340
2341
2329
2341
2342
2330
2342
2343
2331
2343
2344
2332
2344
2345
2333
2345
2334
2346
2335
2346
2347
2336
2347
2348
2337
2348
2349
2338
2349
2350
2339
2350
2351
2340
2352
2353
2341
2353
2354
2342
2354
2355
2343
2355
2356
2344
2356
2357
2345
2357
2346
2358
2347
2358
2359
2348
2359
2360
2349
2360
2361
2350
2361
2362
2351
2362
2363
2352
2364
2365
2353
2365
2366
2354
2366
2367
2355
2367
2368
2356
2368
2369
2357
2369
2358
2370
2359
2370
2371
2360
2371
2372
2361
2372
2373
2362
2373
2374
2363
2364
2374
2364
2375
2365
2375
2376
2366
2376
2377
2367
2377
2378
2368
2378
2379
2369
2379
2370
2380
2371
2380
2381
2372
2381
2382
2373
2382
2383
2374
2375
2383
2375
2384
2376
2384
2385
2377
2385
2386
2378
2386
2387
2379
2387
2380
2388
2381
2388
2389
2382
2389
2390
2383
2384
2390
2384
2391
2385
2391
2392
2386
2392
2393
2387
2393
2388
2394
2389
2394
2395
2390
2391
2395
2391
2396
2392
2396
2397
2393
2397
2394
2398
2395
2396
2398
2396
2399
2397
2399
2398
2399
2399
2400
2401
2402
2403
2401
2404
2405
2402
2405
2406
2407
2403
2407
2408
2404
2409
2410
2405
2410
2411
2406
2411
2412
2413
2407
2413
2414
2408
2414
2415
2409
2416
2417
2410
2417
2418
2411
2418
2419
2412
2419
2420
2421
2413
2421
2422
2414
2422
2423
2415
2423
2424
2416
2425
2426
2417
2426
2427
2418
2427
2428
2419
2428
2429
2420
2429
2430
2431
2421
2431
2432
2422
2432
2433
2423
2433
2434
2424
2434
2435
2425
2436
2437
2426
2437
2438
2427
2438
2439
2428
2439
2440
2429
2440
2441
2430
2441
2442
2431
2442
2443
2432
2443
2444
2433
2444
2445
2434
2445
2446
2435
2446
2447
2436
2448
2449
2437
2449
2450
2438
2450
2451
2439
2451
2452
2440
2452
2453
2441
2453
2442
2454
2443
2454
2455
2444
2455
2456
2445
2456
2457
2446
2457
2458
2447
2458
2459
2448
2460
2461
2449
2461
2462
2450
2462
2463
2451
2463
2464
2452
2464
2465
2453
2465
2454
2466
2455
2466
2467
2456
2467
2468
2457
2468
2469
2458
2469
2470
2459
2470
2471
2460
2472
2473
2461
2473
2474
2462
2474
2475
2463
2475
2476
2464
2476
2477
2465
2477
2466
2478
2467
2478
2479
2468
2479
2480
2469
2480
2481
2470
2481
2482
2471
2482
2483
2472
2484
2485
2473
2485
2486
2474
2486
2487
2475
2487
2488
2476
2488
2489
2477
2489
2478
2490
2479
2490
2491
2480
2491
2492
2481
2492
2493
2482
2493
2494
2483
2494
2495
2484
2496
2497
2485
2497
2498
2486
2498
2499
2487
2499
2500
2488
2500
2501
2489
2501
2490
2502
2491
2502
2503
2492
2503
2504
2493
2504
2505
2494
2505
2506
2495
2506
2507
2496
2508
2509
2497
2509
2510
2498
2510
2511
2499
2511
2512
2500
2512
2513
2501
2513
2502
2514
2503
2514
2515
2504
2515
2516
2505
2516
2517
2506
2517
2518
2507
2518
2519
2508
2520
2521
2509
2521
2522
2510
2522
2523
2511
2523
2524
2512
2524
2525
2513
2525
2514
2526
2515
2526
2527
2516
2527
2528
2517
2528
2529
2518
2529
2530
2519
2530
2531
2520
2532
2533
2521
2533
2534
2522
2534
2535
2523
2535
2536
2524
2536
2537
2525
2537
2526
2538
2527
2538
2539
2528
2539
2540
2529
2540
2541
2530
2541
2542
2531
2542
2543
2532
2544
2545
2533
2545
2546
2534
2546
2547
2535
2547
2548
2536
2548
2549
2537
2549
2538
2550
2539
2550
2551
2540
2551
2552
2541
2552
2553
2542
2553
2554
2543
2554
2555
2544
2556
2557
2545
2557
2558
2546
2558
2559
2547
2559
2560
2548
2560
2561
2549
2561
2550
2562
2551
2562
2563
2552
2563
2564
2553
2564
2565
2554
2565
2566
2555
2556
2566
2556
2567
2557
2567
2568
2558
2568
2569
2559
2569
2570
2560
2570
2571
2561
2571
2562
2572
2563
2572
2573
2564
2573
2574
2565
2574
2575
2566
2567
2575
2567
2576
2568
2576
2577
2569
2577
2578
2570
2578
2579
2571
2579
2572
2580
2573
2580
2581
2574
2581
2582
2575
2576
2582
2576
2583
2577
2583
2584
2578
2584
2585
2579
2585
2580
2586
2581
2586
2587
2582
2583
2587
2583
2588
2584
2588
2589
2585
2589
2586
2590
2587
2588
2590
2588
2591
2589
2591
2590
2591
2591
2592
2593
2594
2592
2595
2596
2593
2596
2597
2598
2594
2598
2599
2595
2600
2601
2596
2601
2602
2597
2602
2603
2604
2598
2604
2605
2599
2605
2606
2600
2607
2608
2601
2608
2609
2602
2609
2610
2603
2610
2611
2612
2604
2612
2613
2605
2613
2614
2606
2614
2615
2607
2616
2617
2608
2617
2618
2609
2618
2619
2610
2619
2620
2611
2620
2621
2622
2612
2622
2623
2613
2623
2624
2614
2624
2625
2615
2625
2626
2616
2627
2628
2617
2628
2629
2618
2629
2630
2619
2630
2631
2620
2631
2632
2621
2632
2633
2622
2633
2634
2623
2634
2635
2624
2635
2636
2625
2636
2637
2626
2637
2638
2627
2639
2640
2628
2640
2641
2629
2641
2642
2630
2642
2643
2631
2643
2644
2632
2644
2633
2645
2634
2645
2646
2635
2646
2647
2636
2647
2648
2637
2648
2649
2638
2649
2650
2639
2651
2652
2640
2652
2653
2641
2653
2654
2642
2654
2655
2643
2655
2656
2644
2656
2645
2657
2646
2657
2658
2647
2658
2659
2648
2659
2660
2649
2660
2661
2650
2661
2662
2651
2663
2664
2652
2664
2665
2653
2665
2666
2654
2666
2667
2655
2667
2668
2656
2668
2657
2669
2658
2669
2670
2659
2670
2671
2660
2671
2672
2661
2672
2673
2662
2673
2674
2663
2675
2676
2664
2676
2677
2665
2677
2678
2666
2678
2679
2667
2679
2680
2668
2680
2669
2681
2670
2681
2682
2671
2682
2683
2672
2683
2684
2673
2684
2685
2674
2685
2686
2675
2687
2688
2676
2688
2689
2677
2689
2690
2678
2690
2691
2679
2691
2692
2680
2692
2681
2693
2682
2693
2694
2683
2694
2695
2684
2695
2696
2685
2696
2697
2686
2697
2698
2687
2699
2700
2688
2700
2701
2689
2701
2702
2690
2702
2703
2691
2703
2704
2692
2704
2693
2705
2694
2705
2706
2695
2706
2707
2696
2707
2708
2697
2708
2709
2698
2709
2710
2699
2711
2712
2700
2712
2713
2701
2713
2714
2702
2714
2715
2703
2715
2716
2704
2716
2705
2717
2706
2717
2718
2707
2718
2719
2708
2719
2720
2709
2720
2721
2710
2721
2722
2711
2723
2724
2712
2724
2725
2713
2725
2726
2714
2726
2727
2715
2727
2728
2716
2728
2717
2729
2718
2729
2730
2719
2730
2731
2720
2731
2732
2721
2732
2733
2722
2733
2734
2723
2735
2736
2724
2736
2737
2725
2737
2738
2726
2738
2739
2727
2739
2740
2728
2740
2729
2741
2730
2741
2742
2731
2742
2743
2732
2743
2744
2733
2744
2745
2734
2745
2746
2735
2747
2748
2736
2748
2749
2737
2749
2750
2738
2750
2751
2739
2751
2752
2740
2752
2741
2753
2742
2753
2754
2743
2754
2755
2744
2755
2756
2745
2756
2757
2746
2747
2757
2747
2758
2748
2758
2759
2749
2759
2760
2750
2760
2761
2751
2761
2762
2752
2762
2753
2763
2754
2763
2764
2755
2764
2765
2756
2765
2766
2757
2758
2766
2758
2767
2759
2767
2768
2760
2768
2769
2761
2769
2770
2762
2770
2763
2771
2764
2771
2772
2765
2772
2773
2766
2767
2773
2767
2774
2768
2774
2775
2769
2775
2776
2770
2776
2771
2777
2772
2777
2778
2773
2774
2778
2774
2779
2775
2779
2780
2776
2780
2777
2781
2778
2779
2781
2779
2782
2780
2782
2781
2782
2782
2783
2784
2784
2785
2786
2786
2787
2783
2788
2789
2784
2789
2790
2785
2790
2791
2792
2786
2792
2793
2787
2793
2794
2788
2795
2796
2789
2796
2797
2790
2797
2798
2791
2798
2799
2800
2792
2800
2801
2793
2801
2802
2794
2802
2803
2795
2804
2805
2796
2805
2806
2797
2806
2807
2798
2807
2808
2799
2808
2809
2810
2800
2810
2811
2801
2811
2812
2802
2812
2813
2803
2813
2814
2804
2815
2816
2805
2816
2817
2806
2817
2818
2807
2818
2819
2808
2819
2820
2809
2820
2821
2810
2821
2822
2811
2822
2823
2812
2823
2824
2813
2824
2825
2814
2825
2826
2815
2827
2828
2816
2828
2829
2817
2829
2830
2818
2830
2831
2819
2831
2832
2820
2832
2821
2833
2822
2833
2834
2823
2834
2835
2824
2835
2836
2825
2836
2837
2826
2837
2838
2827
2839
2840
2828
2840
2841
2829
2841
2842
2830
2842
2843
2831
2843
2844
2832
2844
2833
2845
2834
2845
2846
2835
2846
2847
2836
2847
2848
2837
2848
2849
2838
2849
2850
2839
2851
2852
2840
2852
2853
2841
2853
2854
2842
2854
2855
2843
2855
2856
2844
2856
2845
2857
2846
2857
2858
2847
2858
2859
2848
2859
2860
2849
2860
2861
2850
2861
2862
2851
2863
2864
2852
2864
2865
2853
2865
2866
2854
2866
2867
2855
2867
2868
2856
2868
2857
2869
2858
2869
2870
2859
2870
2871
2860
2871
2872
2861
2872
2873
2862
2873
2874
2863
2875
2876
2864
2876
2877
2865
2877
2878
2866
2878
2879
2867
2879
2880
2868
2880
2869
2881
2870
2881
2882
2871
2882
2883
2872
2883
2884
2873
2884
2885
2874
2885
2886
2875
2887
2888
2876
2888
2889
2877
2889
2890
2878
2890
2891
2879
2891
2892
2880
2892
2881
2893
2882
2893
2894
2883
2894
2895
2884
2895
2896
2885
2896
2897
2886
2897
2898
2887
2899
2900
2888
2900
2901
2889
2901
2902
2890
2902
2903
2891
2903
2904
2892
2904
2893
2905
2894
2905
2906
2895
2906
2907
2896
2907
2908
2897
2908
2909
2898
2909
2910
2899
2911
2912
2900
2912
2913
2901
2913
2914
2902
2914
2915
2903
2915
2916
2904
2916
2905
2917
2906
2917
2918
2907
2918
2919
2908
2919
2920
2909
2920
2921
2910
2921
2922
2911
2923
2924
2912
2924
2925
2913
2925
2926
2914
2926
2927
2915
2927
2928
2916
2928
2917
2929
2918
2929
2930
2919
2930
2931
2920
2931
2932
2921
2932
2933
2922
2933
2934
2923
2935
2936
2924
2936
2937
2925
2937
2938
2926
2938
2939
2927
2939
2940
2928
2940
2929
2941
2930
2941
2942
2931
2942
2943
2932
2943
2944
2933
2944
2945
2934
2935
2945
2935
2946
2936
2946
2947
2937
2947
2948
2938
2948
2949
2939
2949
2950
2940
2950
2941
2951
2942
2951
2952
2943
2952
2953
2944
2953
2954
2945
2946
2954
2946
2955
2947
2955
2956
2948
2956
2957
2949
2957
2958
2950
2958
2951
2959
2952
2959
2960
2953
2960
2961
2954
2955
2961
2955
2962
2956
2962
2963
2957
2963
2964
2958
2964
2959
2965
2960
2965
2966
2961
2962
2966
2962
2967
2963
2967
2968
2964
2968
2965
2969
2966
2967
2969
2967
2970
2968
2970
2969
2970
2970
2971
2972
2972
2973
2973
2974
2975
2975
2976
2976
2977
2971
2978
2979
2972
2979
2980
2973
2980
2981
2974
2981
2982
2983
2975
2983
2984
2976
2984
2985
2977
2985
2986
2978
2987
2988
2979
2988
2989
2980
2989
2990
2981
2990
2991
2982
2991
2992
2993
2983
2993
2994
2984
2994
2995
2985
2995
2996
2986
2996
2997
2987
2998
2999
2988
2999
3000
2989
3000
3001
2990
3001
3002
2991
3002
3003
2992
3003
3004
2993
3004
3005
2994
3005
3006
2995
3006
3007
2996
3007
3008
2997
3008
3009
2998
3010
3011
2999
3011
3012
3000
3012
3013
3001
3013
3014
3002
3014
3015
3003
3015
3004
3016
3005
3016
3017
3006
3017
3018
3007
3018
3019
3008
3019
3020
3009
3020
3021
3010
3022
3023
3011
3023
3024
3012
3024
3025
3013
3025
3026
3014
3026
3027
3015
3027
3016
3028
3017
3028
3029
3018
3029
3030
3019
3030
3031
3020
3031
3032
3021
3032
3033
3022
3034
3035
3023
3035
3036
3024
3036
3037
3025
3037
3038
3026
3038
3039
3027
3039
3028
3040
3029
3040
3041
3030
3041
3042
3031
3042
3043
3032
3043
3044
3033
3044
3045
3034
3046
3047
3035
3047
3048
3036
3048
3049
3037
3049
3050
3038
3050
3051
3039
3051
3040
3052
3041
3052
3053
3042
3053
3054
3043
3054
3055
3044
3055
3056
3045
3056
3057
3046
3058
3059
3047
3059
3060
3048
3060
3061
3049
3061
3062
3050
3062
3063
3051
3063
3052
3064
3053
3064
3065
3054
3065
3066
3055
3066
3067
3056
3067
3068
3057
3068
3069
3058
3070
3071
3059
3071
3072
3060
3072
3073
3061
3073
3074
3062
3074
3075
3063
3075
3064
3076
3065
3076
3077
3066
3077
3078
3067
3078
3079
3068
3079
3080
3069
3080
3081
3070
3082
3083
3071
3083
3084
3072
3084
3085
3073
3085
3086
3074
3086
3087
3075
3087
3076
3088
3077
3088
3089
3078
3089
3090
3079
3090
3091
3080
3091
3092
3081
3092
3093
3082
3094
3095
3083
3095
3096
3084
3096
3097
3085
3097
3098
3086
3098
3099
3087
3099
3088
3100
3089
3100
3101
3090
3101
3102
3091
3102
3103
3092
3103
3104
3093
3104
3105
3094
3106
3107
3095
3107
3108
3096
3108
3109
3097
3109
3110
3098
3110
3111
3099
3111
3100
3112
3101
3112
3113
3102
3113
3114
3103
3114
3115
3104
3115
3116
3105
3116
3117
3106
3118
3119
3107
3119
3120
3108
3120
3121
3109
3121
3122
3110
3122
3123
3111
3123
3112
3124
3113
3124
3125
3114
3125
3126
3115
3126
3127
3116
3127
3128
3117
3118
3128
3118
3129
3119
3129
3130
3120
3130
3131
3121
3131
3132
3122
3132
3133
3123
3133
3124
3134
3125
3134
3135
3126
3135
3136
3127
3136
3137
3128
3129
3137
3129
3138
3130
3138
3139
3131
3139
3140
3132
3140
3141
3133
3141
3134
3142
3135
3142
3143
3136
3143
3144
3137
3138
3144
3138
3145
3139
3145
3146
3140
3146
3147
3141
3147
3142
3148
3143
3148
3149
3144
3145
3149
3145
3150
3146
3150
3151
3147
3151
3148
3152
3149
3150
3152
3150
3153
3151
3153
3152
3153
3153
3154
3155
3155
3156
3156
3157
3157
3158
3159
3159
3160
3160
3161
3161
3162
3154
3163
3164
3155
3164
3165
3156
3165
3166
3157
3166
3167
3158
3167
3168
3169
3159
3169
3170
3160
3170
3171
3161
3171
3172
3162
3172
3173
3163
3174
3175
3164
3175
3176
3165
3176
3177
3166
3177
3178
3167
3178
3179
3168
3179
3180
3169
3180
3181
3170
3181
3182
3171
3182
3183
3172
3183
3184
3173
3184
3185
3174
3186
3187
3175
3187
3188
3176
3188
3189
3177
3189
3190
3178
3190
3191
3179
3191
3180
3192
3181
3192
3193
3182
3193
3194
3183
3194
3195
3184
3195
3196
3185
3196
3197
3186
3198
3199
3187
3199
3200
3188
3200
3201
3189
3201
3202
3190
3202
3203
3191
3203
3192
3204
3193
3204
3205
3194
3205
3206
3195
3206
3207
3196
3207
3208
3197
3208
3209
3198
3210
3211
3199
3211
3212
3200
3212
3213
3201
3213
3214
3202
3214
3215
3203
3215
3204
3216
3205
3216
3217
3206
3217
3218
3207
3218
3219
3208
3219
3220
3209
3220
3221
3210
3222
3223
3211
3223
3224
3212
3224
3225
3213
3225
3226
3214
3226
3227
3215
3227
3216
3228
3217
3228
3229
3218
3229
3230
3219
3230
3231
3220
3231
3232
3221
3232
3233
3222
3234
3235
3223
3235
3236
3224
3236
3237
3225
3237
3238
3226
3238
3239
3227
3239
3228
3240
3229
3240
3241
3230
3241
3242
3231
3242
3243
3232
3243
3244
3233
3244
3245
3234
3246
3247
3235
3247
3248
3236
3248
3249
3237
3249
3250
3238
3250
3251
3239
3251
3240
3252
3241
3252
3253
3242
3253
3254
3243
3254
3255
3244
3255
3256
3245
3256
3257
3246
3258
3259
3247
3259
3260
3248
3260
3261
3249
3261
3262
3250
3262
3263
3251
3263
3252
3264
3253
3264
3265
3254
3265
3266
3255
3266
3267
3256
3267
3268
3257
3268
3269
3258
3270
3271
3259
3271
3272
3260
3272
3273
3261
3273
3274
3262
3274
3275
3263
3275
3264
3276
3265
3276
3277
3266
3277
3278
3267
3278
3279
3268
3279
3280
3269
3280
3281
3270
3282
3283
3271
3283
3284
3272
3284
3285
3273
3285
3286
3274
3286
3287
3275
3287
3276
3288
3277
3288
3289
3278
3289
3290
3279
3290
3291
3280
3291
3292
3281
3292
3293
3282
3294
3295
3283
3295
3296
3284
3296
3297
3285
3297
3298
3286
3298
3299
3287
3299
3288
3300
3289
3300
3301
3290
3301
3302
3291
3302
3303
3292
3303
3304
3293
3294
3304
3294
3305
3295
3305
3306
3296
3306
3307
3297
3307
3308
3298
3308
3309
3299
3309
3300
3310
3301
3310
3311
3302
3311
3312
3303
3312
3313
3304
3305
3313
3305
3314
3306
3314
3315
3307
3315
3316
3308
3316
3317
3309
3317
3310
3318
3311
3318
3319
3312
3319
3320
3313
3314
3320
3314
3321
3315
3321
3322
3316
3322
3323
3317
3323
3318
3324
3319
3324
3325
3320
3321
3325
3321
3326
3322
3326
3327
3323
3327
3324
3328
3325
3326
3328
3326
3329
3327
3329
3328
3329
3329
3330
3331
3331
3332
3332
3333
3333
3334
3334
3335
3336
3336
3337
3337
3338
3338
3339
3339
3340
3330
3341
3342
3331
3342
3343
3332
3343
3344
3333
3344
3345
3334
3345
3346
3335
3346
3347
3336
3347
3348
3337
3348
3349
3338
3349
3350
3339
3350
3351
3340
3351
3352
3341
3353
3354
3342
3354
3355
3343
3355
3356
3344
3356
3357
3345
3357
3358
3346
3358
3347
3359
3348
3359
3360
3349
3360
3361
3350
3361
3362
3351
3362
3363
3352
3363
3364
3353
3365
3366
3354
3366
3367
3355
3367
3368
3356
3368
3369
3357
3369
3370
3358
3370
3359
3371
3360
3371
3372
3361
3372
3373
3362
3373
3374
3363
3374
3375
3364
3375
3376
3365
3377
3378
3366
3378
3379
3367
3379
3380
3368
3380
3381
3369
3381
3382
3370
3382
3371
3383
3372
3383
3384
3373
3384
3385
3374
3385
3386
3375
3386
3387
3376
3387
3388
3377
3389
3390
3378
3390
3391
3379
3391
3392
3380
3392
3393
3381
3393
3394
3382
3394
3383
3395
3384
3395
3396
3385
3396
3397
3386
3397
3398
3387
3398
3399
3388
3399
3400
3389
3401
3402
3390
3402
3403
3391
3403
3404
3392
3404
3405
3393
3405
3406
3394
3406
3395
3407
3396
3407
3408
3397
3408
3409
3398
3409
3410
3399
3410
3411
3400
3411
3412
3401
3413
3414
3402
3414
3415
3403
3415
3416
3404
3416
3417
3405
3417
3418
3406
3418
3407
3419
3408
3419
3420
3409
3420
3421
3410
3421
3422
3411
3422
3423
3412
3423
3424
3413
3425
3426
3414
3426
3427
3415
3427
3428
3416
3428
3429
3417
3429
3430
3418
3430
3419
3431
3420
3431
3432
3421
3432
3433
3422
3433
3434
3423
3434
3435
3424
3435
3436
3425
3437
3438
3426
3438
3439
3427
3439
3440
3428
3440
3441
3429
3441
3442
3430
3442
3431
3443
3432
3443
3444
3433
3444
3445
3434
3445
3446
3435
3446
3447
3436
3447
3448
3437
3449
3450
3438
3450
3451
3439
3451
3452
3440
3452
3453
3441
3453
3454
3442
3454
3443
3455
3444
3455
3456
3445
3456
3457
3446
3457
3458
3447
3458
3459
3448
3459
3460
3449
3461
3462
3450
3462
3463
3451
3463
3464
3452
3464
3465
3453
3465
3466
3454
3466
3455
3467
3456
3467
3468
3457
3468
3469
3458
3469
3470
3459
3470
3471
3460
3461
3471
3461
3472
3462
3472
3473
3463
3473
3474
3464
3474
3475
3465
3475
3476
3466
3476
3467
3477
3468
3477
3478
3469
3478
3479
3470
3479
3480
3471
3472
3480
3472
3481
3473
3481
3482
3474
3482
3483
3475
3483
3484
3476
3484
3477
3485
3478
3485
3486
3479
3486
3487
3480
3481
3487
3481
3488
3482
3488
3489
3483
3489
3490
3484
3490
3485
3491
3486
3491
3492
3487
3488
3492
3488
3493
3489
3493
3494
3490
3494
3491
3495
3492
3493
3495
3493
3496
3494
3496
3495
3496
3496
3497
3498
3498
3499
3499
3500
3500
3501
3501
3502
3502
3503
3503
3504
3504
3505
3505
3506
3506
3507
3507
3508
3497
3509
3510
3498
3510
3511
3499
3511
3512
3500
3512
3513
3501
3513
3514
3502
3514
3503
3515
3504
3515
3516
3505
3516
3517
3506
3517
3518
3507
3518
3519
3508
3519
3520
3509
3521
3522
3510
3522
3523
3511
3523
3524
3512
3524
3525
3513
3525
3526
3514
3526
3515
3527
3516
3527
3528
3517
3528
3529
3518
3529
3530
3519
3530
3531
3520
3531
3532
3521
3533
3534
3522
3534
3535
3523
3535
3536
3524
3536
3537
3525
3537
3538
3526
3538
3527
3539
3528
3539
3540
3529
3540
3541
3530
3541
3542
3531
3542
3543
3532
3543
3544
3533
3545
3546
3534
3546
3547
3535
3547
3548
3536
3548
3549
3537
3549
3550
3538
3550
3539
3551
3540
3551
3552
3541
3552
3553
3542
3553
3554
3543
3554
3555
3544
3555
3556
3545
3557
3558
3546
3558
3559
3547
3559
3560
3548
3560
3561
3549
3561
3562
3550
3562
3551
3563
3552
3563
3564
3553
3564
3565
3554
3565
3566
3555
3566
3567
3556
3567
3568
3557
3569
3570
3558
3570
3571
3559
3571
3572
3560
3572
3573
3561
3573
3574
3562
3574
3563
3575
3564
3575
3576
3565
3576
3577
3566
3577
3578
3567
3578
3579
3568
3579
3580
3569
3581
3582
3570
3582
3583
3571
3583
3584
3572
3584
3585
3573
3585
3586
3574
3586
3575
3587
3576
3587
3588
3577
3588
3589
3578
3589
3590
3579
3590
3591
3580
3591
3592
3581
3593
3594
3582
3594
3595
3583
3595
3596
3584
3596
3597
3585
3597
3598
3586
3598
3587
3599
3588
3599
3600
3589
3600
3601
3590
3601
3602
3591
3602
3603
3592
3603
3604
3593
3605
3606
3594
3606
3607
3595
3607
3608
3596
3608
3609
3597
3609
3610
3598
3610
3599
3611
3600
3611
3612
3601
3612
3613
3602
3613
3614
3603
3614
3615
3604
3615
3616
3605
3617
3618
3606
3618
3619
3607
3619
3620
3608
3620
3621
3609
3621
3622
3610
3622
3611
3623
3612
3623
3624
3613
3624
3625
3614
3625
3626
3615
3626
3627
3616
3617
3627
3617
3628
3618
3628
3629
3619
3629
3630
3620
3630
3631
3621
3631
3632
3622
3632
3623
3633
3624
3633
3634
3625
3634
3635
3626
3635
3636
3627
3628
3636
3628
3637
3629
3637
3638
3630
3638
3639
3631
3639
3640
3632
3640
3633
3641
3634
3641
3642
3635
3642
3643
3636
3637
3643
3637
3644
3638
3644
3645
3639
3645
3646
3640
3646
3641
3647
3642
3647
3648
3643
3644
3648
3644
3649
3645
3649
3650
3646
3650
3647
3651
3648
3649
3651
3649
3652
3650
3652
3651
3652
3652
3653
3654
3654
3655
3655
3656
3656
3657
3657
3658
3658
3659
3659
3660
3660
3661
3661
3662
3662
3663
3663
3664
3653
3665
3666
3654
3666
3667
3655
3667
3668
3656
3668
3669
3657
3669
3670
3658
3670
3659
3671
3660
3671
3672
3661
3672
3673
3662
3673
3674
3663
3674
3675
3664
3675
3676
3665
3677
3678
3666
3678
3679
3667
3679
3680
3668
3680
3681
3669
3681
3682
3670
3682
3671
3683
3672
3683
3684
3673
3684
3685
3674
3685
3686
3675
3686
3687
3676
3687
3688
3677
3689
3690
3678
3690
3691
3679
3691
3692
3680
3692
3693
3681
3693
3694
3682
3694
3683
3695
3684
3695
3696
3685
3696
3697
3686
3697
3698
3687
3698
3699
3688
3699
3700
3689
3701
3702
3690
3702
3703
3691
3703
3704
3692
3704
3705
3693
3705
3706
3694
3706
3695
3707
3696
3707
3708
3697
3708
3709
3698
3709
3710
3699
3710
3711
3700
3711
3712
3701
3713
3714
3702
3714
3715
3703
3715
3716
3704
3716
3717
3705
3717
3718
3706
3718
3707
3719
3708
3719
3720
3709
3720
3721
3710
3721
3722
3711
3722
3723
3712
3723
3724
3713
3725
3726
3714
3726
3727
3715
3727
3728
3716
3728
3729
3717
3729
3730
3718
3730
3719
3731
3720
3731
3732
3721
3732
3733
3722
3733
3734
3723
3734
3735
3724
3735
3736
3725
3737
3738
3726
3738
3739
3727
3739
3740
3728
3740
3741
3729
3741
3742
3730
3742
3731
3743
3732
3743
3744
3733
3744
3745
3734
3745
3746
3735
3746
3747
3736
3747
3748
3737
3749
3750
3738
3750
3751
3739
3751
3752
3740
3752
3753
3741
3753
3754
3742
3754
3743
3755
3744
3755
3756
3745
3756
3757
3746
3757
3758
3747
3758
3759
3748
3759
3760
3749
3761
3762
3750
3762
3763
3751
3763
3764
3752
3764
3765
3753
3765
3766
3754
3766
3755
3767
3756
3767
3768
3757
3768
3769
3758
3769
3770
3759
3770
3771
3760
3761
3771
3761
3772
3762
3772
3773
3763
3773
3774
3764
3774
3775
3765
3775
3776
3766
3776
3767
3777
3768
3777
3778
3769
3778
3779
3770
3779
3780
3771
3772
3780
3772
3781
3773
3781
3782
3774
3782
3783
3775
3783
3784
3776
3784
3777
3785
3778
3785
3786
3779
3786
3787
3780
3781
3787
3781
3788
3782
3788
3789
3783
3789
3790
3784
3790
3785
3791
3786
3791
3792
3787
3788
3792
3788
3793
3789
3793
3794
3790
3794
3791
3795
3792
3793
3795
3793
3796
3794
3796
3795
3796
3796
3797
3798
3798
3799
3799
3800
3800
3801
3801
3802
3802
3803
3803
3804
3804
3805
3805
3806
3806
3807
3807
3808
3797
3809
3810
3798
3810
3811
3799
3811
3812
3800
3812
3813
3801
3813
3814
3802
3814
3803
3815
3804
3815
3816
3805
3816
3817
3806
3817
3818
3807
3818
3819
3808
3819
3820
3809
3821
3822
3810
3822
3823
3811
3823
3824
3812
3824
3825
3813
3825
3826
3814
3826
3815
3827
3816
3827
3828
3817
3828
3829
3818
3829
3830
3819
3830
3831
3820
3831
3832
3821
3833
3834
3822
3834
3835
3823
3835
3836
3824
3836
3837
3825
3837
3838
3826
3838
3827
3839
3828
3839
3840
3829
3840
3841
3830
3841
3842
3831
3842
3843
3832
3843
3844
3833
3845
3846
3834
3846
3847
3835
3847
3848
3836
3848
3849
3837
3849
3850
3838
3850
3839
3851
3840
3851
3852
3841
3852
3853
3842
3853
3854
3843
3854
3855
3844
3855
3856
3845
3857
3858
3846
3858
3859
3847
3859
3860
3848
3860
3861
3849
3861
3862
3850
3862
3851
3863
3852
3863
3864
3853
3864
3865
3854
3865
3866
3855
3866
3867
3856
3867
3868
3857
3869
3870
3858
3870
3871
3859
3871
3872
3860
3872
3873
3861
3873
3874
3862
3874
3863
3875
3864
3875
3876
3865
3876
3877
3866
3877
3878
3867
3878
3879
3868
3879
3880
3869
3881
3882
3870
3882
3883
3871
3883
3884
3872
3884
3885
3873
3885
3886
3874
3886
3875
3887
3876
3887
3888
3877
3888
3889
3878
3889
3890
3879
3890
3891
3880
3891
3892
3881
3893
3894
3882
3894
3895
3883
3895
3896
3884
3896
3897
3885
3897
3898
3886
3898
3887
3899
3888
3899
3900
3889
3900
3901
3890
3901
3902
3891
3902
3903
3892
3893
3903
3893
3904
3894
3904
3905
3895
3905
3906
3896
3906
3907
3897
3907
3908
3898
3908
3899
3909
3900
3909
3910
3901
3910
3911
3902
3911
3912
3903
3904
3912
3904
3913
3905
3913
3914
3906
3914
3915
3907
3915
3916
3908
3916
3909
3917
3910
3917
3918
3911
3918
3919
3912
3913
3919
3913
3920
3914
3920
3921
3915
3921
3922
3916
3922
3917
3923
3918
3923
3924
3919
3920
3924
3920
3925
3921
3925
3926
3922
3926
3923
3927
3924
3925
3927
3925
3928
3926
3928
3927
3928
3928
3929
3930
3930
3931
3931
3932
3932
3933
3933
3934
3934
3935
3935
3936
3936
3937
3937
3938
3938
3939
3939
3940
3929
3941
3942
3930
3942
3943
3931
3943
3944
3932
3944
3945
3933
3945
3946
3934
3946
3935
3947
3936
3947
3948
3937
3948
3949
3938
3949
3950
3939
3950
3951
3940
3951
3952
3941
3953
3954
3942
3954
3955
3943
3955
3956
3944
3956
3957
3945
3957
3958
3946
3958
3947
3959
3948
3959
3960
3949
3960
3961
3950
3961
3962
3951
3962
3963
3952
3963
3964
3953
3965
3966
3954
3966
3967
3955
3967
3968
3956
3968
3969
3957
3969
3970
3958
3970
3959
3971
3960
3971
3972
3961
3972
3973
3962
3973
3974
3963
3974
3975
3964
3975
3976
3965
3977
3978
3966
3978
3979
3967
3979
3980
3968
3980
3981
3969
3981
3982
3970
3982
3971
3983
3972
3983
3984
3973
3984
3985
3974
3985
3986
3975
3986
3987
3976
3987
3988
3977
3989
3990
3978
3990
3991
3979
3991
3992
3980
3992
3993
3981
3993
3994
3982
3994
3983
3995
3984
3995
3996
3985
3996
3997
3986
3997
3998
3987
3998
3999
3988
3999
4000
3989
4001
4002
3990
4002
4003
3991
4003
4004
3992
4004
4005
3993
4005
4006
3994
4006
3995
4007
3996
4007
4008
3997
4008
4009
3998
4009
4010
3999
4010
4011
4000
4011
4012
4001
4013
4014
4002
4014
4015
4003
4015
4016
4004
4016
4017
4005
4017
4018
4006
4018
4007
4019
4008
4019
4020
4009
4020
4021
4010
4021
4022
4011
4022
4023
4012
4013
4023
4013
4024
4014
4024
4025
4015
4025
4026
4016
4026
4027
4017
4027
4028
4018
4028
4019
4029
4020
4029
4030
4021
4030
4031
4022
4031
4032
4023
4024
4032
4024
4033
4025
4033
4034
4026
4034
4035
4027
4035
4036
4028
4036
4029
4037
4030
4037
4038
4031
4038
4039
4032
4033
4039
4033
4040
4034
4040
4041
4035
4041
4042
4036
4042
4037
4043
4038
4043
4044
4039
4040
4044
4040
4045
4041
4045
4046
4042
4046
4043
4047
4044
4045
4047
4045
4048
4046
4048
4047
4048
4048
4049
4050
4050
4051
4051
4052
4052
4053
4053
4054
4054
4055
4055
4056
4056
4057
4057
4058
4058
4059
4059
4060
4049
4061
4062
4050
4062
4063
4051
4063
4064
4052
4064
4065
4053
4065
4066
4054
4066
4055
4067
4056
4067
4068
4057
4068
4069
4058
4069
4070
4059
4070
4071
4060
4071
4072
4061
4073
4074
4062
4074
4075
4063
4075
4076
4064
4076
4077
4065
4077
4078
4066
4078
4067
4079
4068
4079
4080
4069
4080
4081
4070
4081
4082
4071
4082
4083
4072
4083
4084
4073
4085
4086
4074
4086
4087
4075
4087
4088
4076
4088
4089
4077
4089
4090
4078
4090
4079
4091
4080
4091
4092
4081
4092
4093
4082
4093
4094
4083
4094
4095
4084
4095
4096
4085
4097
4098
4086
4098
4099
4087
4099
4100
4088
4100
4101
4089
4101
4102
4090
4102
4091
4103
4092
4103
4104
4093
4104
4105
4094
4105
4106
4095
4106
4107
4096
4107
4108
4097
4109
4110
4098
4110
4111
4099
4111
4112
4100
4112
4113
4101
4113
4114
4102
4114
4103
4115
4104
4115
4116
4105
4116
4117
4106
4117
4118
4107
4118
4119
4108
4119
4120
4109
4121
4122
4110
4122
4123
4111
4123
4124
4112
4124
4125
4113
4125
4126
4114
4126
4115
4127
4116
4127
4128
4117
4128
4129
4118
4129
4130
4119
4130
4131
4120
4121
4131
4121
4132
4122
4132
4133
4123
4133
4134
4124
4134
4135
4125
4135
4136
4126
4136
4127
4137
4128
4137
4138
4129
4138
4139
4130
4139
4140
4131
4132
4140
4132
4141
4133
4141
4142
4134
4142
4143
4135
4143
4144
4136
4144
4137
4145
4138
4145
4146
4139
4146
4147
4140
4141
4147
4141
4148
4142
4148
4149
4143
4149
4150
4144
4150
4145
4151
4146
4151
4152
4147
4148
4152
4148
4153
4149
4153
4154
4150
4154
4151
4155
4152
4153
4155
4153
4156
4154
4156
4155
4156
4156
4157
4158
4158
4159
4159
4160
4160
4161
4161
4162
4162
4163
4163
4164
4164
4165
4165
4166
4166
4167
4167
4168
4157
4169
4170
4158
4170
4171
4159
4171
4172
4160
4172
4173
4161
4173
4174
4162
4174
4163
4175
4164
4175
4176
4165
4176
4177
4166
4177
4178
4167
4178
4179
4168
4179
4180
4169
4181
4182
4170
4182
4183
4171
4183
4184
4172
4184
4185
4173
4185
4186
4174
4186
4175
4187
4176
4187
4188
4177
4188
4189
4178
4189
4190
4179
4190
4191
4180
4191
4192
4181
4193
4194
4182
4194
4195
4183
4195
4196
4184
4196
4197
4185
4197
4198
4186
4198
4187
4199
4188
4199
4200
4189
4200
4201
4190
4201
4202
4191
4202
4203
4192
4203
4204
4193
4205
4206
4194
4206
4207
4195
4207
4208
4196
4208
4209
4197
4209
4210
4198
4210
4199
4211
4200
4211
4212
4201
4212
4213
4202
4213
4214
4203
4214
4215
4204
4215
4216
4205
4217
4218
4206
4218
4219
4207
4219
4220
4208
4220
4221
4209
4221
4222
4210
4222
4211
4223
4212
4223
4224
4213
4224
4225
4214
4225
4226
4215
4226
4227
4216
4217
4227
4217
4228
4218
4228
4229
4219
4229
4230
4220
4230
4231
4221
4231
4232
4222
4232
4223
4233
4224
4233
4234
4225
4234
4235
4226
4235
4236
4227
4228
4236
4228
4237
4229
4237
4238
4230
4238
4239
4231
4239
4240
4232
4240
4233
4241
4234
4241
4242
4235
4242
4243
4236
4237
4243
4237
4244
4238
4244
4245
4239
4245
4246
4240
4246
4241
4247
4242
4247
4248
4243
4244
4248
4244
4249
4245
4249
4250
4246
4250
4247
4251
4248
4249
4251
4249
4252
4250
4252
4251
4252
4252
4253
4254
4254
4255
4255
4256
4256
4257
4257
4258
4258
4259
4259
4260
4260
4261
4261
4262
4262
4263
4263
4264
4253
4265
4266
4254
4266
4267
4255
4267
4268
4256
4268
4269
4257
4269
4270
4258
4270
4259
4271
4260
4271
4272
4261
4272
4273
4262
4273
4274
4263
4274
4275
4264
4275
4276
4265
4277
4278
4266
4278
4279
4267
4279
4280
4268
4280
4281
4269
4281
4282
4270
4282
4271
4283
4272
4283
4284
4273
4284
4285
4274
4285
4286
4275
4286
4287
4276
4287
4288
4277
4289
4290
4278
4290
4291
4279
4291
4292
4280
4292
4293
4281
4293
4294
4282
4294
4283
4295
4284
4295
4296
4285
4296
4297
4286
4297
4298
4287
4298
4299
4288
4299
4300
4289
4301
4302
4290
4302
4303
4291
4303
4304
4292
4304
4305
4293
4305
4306
4294
4306
4295
4307
4296
4307
4308
4297
4308
4309
4298
4309
4310
4299
4310
4311
4300
4301
4311
4301
4312
4302
4312
4313
4303
4313
4314
4304
4314
4315
4305
4315
4316
4306
4316
4307
4317
4308
4317
4318
4309
4318
4319
4310
4319
4320
4311
4312
4320
4312
4321
4313
4321
4322
4314
4322
4323
4315
4323
4324
4316
4324
4317
4325
4318
4325
4326
4319
4326
4327
4320
4321
4327
4321
4328
4322
4328
4329
4323
4329
4330
4324
4330
4325
4331
4326
4331
4332
4327
4328
4332
4328
4333
4329
4333
4334
4330
4334
4331
4335
4332
4333
4335
4333
4336
4334
4336
4335
4336
4336
4337
4338
4338
4339
4339
4340
4340
4341
4341
4342
4342
4343
4343
4344
4344
4345
4345
4346
4346
4347
4347
4348
4337
4349
4350
4338
4350
4351
4339
4351
4352
4340
4352
4353
4341
4353
4354
4342
4354
4343
4355
4344
4355
4356
4345
4356
4357
4346
4357
4358
4347
4358
4359
4348
4359
4360
4349
4361
4362
4350
4362
4363
4351
4363
4364
4352
4364
4365
4353
4365
4366
4354
4366
4355
4367
4356
4367
4368
4357
4368
4369
4358
4369
4370
4359
4370
4371
4360
4371
4372
4361
4373
4374
4362
4374
4375
4363
4375
4376
4364
4376
4377
4365
4377
4378
4366
4378
4367
4379
4368
4379
4380
4369
4380
4381
4370
4381
4382
4371
4382
4383
4372
4373
4383
4373
4384
4374
4384
4385
4375
4385
4386
4376
4386
4387
4377
4387
4388
4378
4388
4379
4389
4380
4389
4390
4381
4390
4391
4382
4391
4392
4383
4384
4392
4384
4393
4385
4393
4394
4386
4394
4395
4387
4395
4396
4388
4396
4389
4397
4390
4397
4398
4391
4398
4399
4392
4393
4399
4393
4400
4394
4400
4401
4395
4401
4402
4396
4402
4397
4403
4398
4403
4404
4399
4400
4404
4400
4405
4401
4405
4406
4402
4406
4403
4407
4404
4405
4407
4405
4408
4406
4408
4407
4408
4408
4409
4410
4410
4411
4411
4412
4412
4413
4413
4414
4414
4415
4415
4416
4416
4417
4417
4418
4418
4419
4419
4420
4409
4421
4422
4410
4422
4423
4411
4423
4424
4412
4424
4425
4413
4425
4426
4414
4426
4415
4427
4416
4427
4428
4417
4428
4429
4418
4429
4430
4419
4430
4431
4420
4431
4432
4421
4433
4434
4422
4434
4435
4423
4435
4436
4424
4436
4437
4425
4437
4438
4426
4438
4427
4439
4428
4439
4440
4429
4440
4441
4430
4441
4442
4431
4442
4443
4432
4433
4443
4433
4444
4434
4444
4445
4435
4445
4446
4436
4446
4447
4437
4447
4448
4438
4448
4439
4449
4440
4449
4450
4441
4450
4451
4442
4451
4452
4443
4444
4452
4444
4453
4445
4453
4454
4446
4454
4455
4447
4455
4456
4448
4456
4449
4457
4450
4457
4458
4451
4458
4459
4452
4453
4459
4453
4460
4454
4460
4461
4455
4461
4462
4456
4462
4457
4463
4458
4463
4464
4459
4460
4464
4460
4465
4461
4465
4466
4462
4466
4463
4467
4464
4465
4467
4465
4468
4466
4468
4467
4468
4468
4469
4470
4470
4471
4471
4472
4472
4473
4473
4474
4474
4475
4475
4476
4476
4477
4477
4478
4478
4479
4479
4480
4469
4481
4482
4470
4482
4483
4471
4483
4484
4472
4484
4485
4473
4485
4486
4474
4486
4475
4487
4476
4487
4488
4477
4488
4489
4478
4489
4490
4479
4490
4491
4480
4481
4491
4481
4492
4482
4492
4493
4483
4493
4494
4484
4494
4495
4485
4495
4496
4486
4496
4487
4497
4488
4497
4498
4489
4498
4499
4490
4499
4500
4491
4492
4500
4492
4501
4493
4501
4502
4494
4502
4503
4495
4503
4504
4496
4504
4497
4505
4498
4505
4506
4499
4506
4507
4500
4501
4507
4501
4508
4502
4508
4509
4503
4509
4510
4504
4510
4505
4511
4506
4511
4512
4507
4508
4512
4508
4513
4509
4513
4514
4510
4514
4511
4515
4512
4513
4515
4513
4516
4514
4516
4515
4516
4516
4517
4518
4518
4519
4519
4520
4520
4521
4521
4522
4522
4523
4523
4524
4524
4525
4525
4526
4526
4527
4517
4527
4517
4528
4518
4528
4529
4519
4529
4530
4520
4530
4531
4521
4531
4532
4522
4532
4523
4533
4524
4533
4534
4525
4534
4535
4526
4535
4536
4527
4528
4536
4528
4537
4529
4537
4538
4530
4538
4539
4531
4539
4540
4532
4540
4533
4541
4534
4541
4542
4535
4542
4543
4536
4537
4543
4537
4544
4538
4544
4545
4539
4545
4546
4540
4546
4541
4547
4542
4547
4548
4543
4544
4548
4544
4549
4545
4549
4550
4546
4550
4547
4551
4548
4549
4551
4549
4552
4550
4552
4551
4552
4552
4553
4553
4554
4554
4555
4555
4556
4556
4557
4557
4558
4558
4559
4559
4560
4560
4561
4553
4561
4553
4562
4554
4562
4563
4555
4563
4564
4556
4564
4565
4557
4565
4558
4566
4559
4566
4567
4560
4567
4568
4561
4562
4568
4562
4569
4563
4569
4570
4564
4570
4571
4565
4571
4566
4572
4567
4572
4573
4568
4569
4573
4569
4574
4570
4574
4575
4571
4575
4572
4576
4573
4574
4576
4574
4577
4575
4577
4576
4577
4577
4578
4578
4579
4579
4580
4580
4581
4581
4582
4582
4583
4583
4584
4578
4584
4578
4585
4579
4585
4586
4580
4586
4587
4581
4587
4582
4588
4583
4588
4589
4584
4585
4589
4585
4590
4586
4590
4591
4587
4591
4588
4592
4589
4590
4592
4590
4593
4591
4593
4592
4593
4593
4594
4594
4595
4595
4596
4596
4597
4597
4598
4594
4598
4594
4599
4595
4599
4600
4596
4600
4597
4601
4598
4599
4601
4599
4602
4600
4602
4601
4602
4602
4603
4603
4604
4604
4605
4603
4605
4603
4606
4604
4606
4605
4606
4606
4607
4607
4607
4607
)


// ************************************************************************* //
